1,-8.6226578442653,-2.35201508272787,-2.35191929499906,-2.35191929499903,-1.00620093215756,-1.0062009321575,27.6381931648664,27.6381931648665,27.6381982553685,42.7946705601916,42.7958291453634,42.7958291453636,52.4119943541896,52.4119943541897,53.0183139588427
2,-8.61155683009024,-2.35190953927992,-2.35184503989054,-2.34876902163975,-1.01095544908311,-1.00419017589275,27.5744186417814,27.592289882494,27.5922918673464,42.8116607699823,42.8608661627261,42.861631340714,52.348500670006,52.4489876332318,53.0851258298786
3,-8.57830909422533,-2.35165317835582,-2.35158918921008,-2.33923939378824,-1.02519960187593,-0.998177772590084,27.3880514321785,27.4565167541952,27.4565187871509,42.86038175865,43.0561332393491,43.056899707762,52.1593581567143,52.3654763635043,53.4774459819821
4,-8.52308145085725,-2.35111699908031,-2.35105314122106,-2.32340443160419,-1.04887505234466,-0.988221562732553,27.0928463762623,27.2363196064744,27.2363277055104,42.9417255425372,43.374818603465,43.3755811283335,51.8485164724709,52.0679476732966,54.2815690024639
5,-8.44615477071525,-2.35013849483652,-2.35007472304712,-2.30133710279313,-1.08188410025694,-0.974412032855113,26.708528969981,26.9397096774437,26.9397251487288,43.0559167546564,43.8078796013867,43.808636859414,51.4223445026442,51.6241547209732,55.4191366759886
6,-8.3479278486537,-2.34849506643919,-2.34843137486691,-2.27313898807866,-1.12408901624053,-0.956863213225951,26.2575314673392,26.5760898349098,26.5761132406483,43.2032621049585,44.3444308682632,44.3451826738318,50.8893296358349,51.074061149894,56.8368194138812
7,-8.22892225708465,-2.3459081003153,-2.34584449048303,-2.23894038799426,-1.17531118220117,-0.935699407254207,25.7623028131894,26.1552156579024,26.1552469401245,43.3841489323038,44.9727545699725,44.9735014559784,50.2596940142188,50.4475991340087,58.4877007569797
8,-8.08978821448354,-2.34204833290544,-2.3419848065023,-2.19890013433197,-1.23533011078508,-0.911037070352328,25.2435590948086,25.6864639804733,25.6865026366583,43.5990400974195,45.6810098808935,45.6817528453191,49.5449588110872,49.7738045052924,60.319811677844
9,-7.9313123126569,-2.33654215721214,-2.33647871372817,-2.15320531425492,-1.30388243167387,-0.882960755829937,24.7193372763886,25.1784274952143,25.1784727496715,43.8484670708303,46.4576305946062,46.4583708416562,48.7574890047996,49.081626560065,62.2723468476267
10,-7.7544291231137,-2.32897871690218,-2.32891535266445,-2.10207091209358,-1.38066094543635,-0.851491564163789,24.2045611944991,24.6387592846941,24.6388102273016,44.1330210995674,47.2914931117962,47.2922308503335,47.9100498192484,48.3987423683211,64.274486692411
11,-7.56023987608446,-2.3189176422801,-2.3188543500319,-2.04573935836546,-1.46531385441455,-0.816546079774529,23.7109031304205,24.0741709100374,24.074226595299,44.4533421509966,47.01538930997,47.7499473871845,48.1719567539585,48.1726973735299,66.2464664032538
12,-7.35004201769246,-2.30589728554714,-2.30583405430221,-1.98447997229125,-1.55744428386584,-0.777883533485902,23.2468517773669,23.4905061510411,23.4905656617208,44.8101052551273,46.0859071225077,47.1557178148126,49.0888477181926,49.08959005701,68.103042115762
13,-7.12537303988949,-2.28944331962146,-2.28938013471394,-1.91858828276442,-1.65661020462046,-0.735039081341474,22.8179742592689,22.8928406531155,22.8929031349479,45.1333367787088,45.2040037994365,46.6312258842683,50.0324546047601,50.0332001086981,69.7590027749993
14,-6.88807045677686,-2.26907757601264,-2.26901441939412,-1.84838521217238,-1.76232486035583,-0.687241816675711,22.285581318792,22.2856460122918,22.4273629971741,44.168546090014,45.6357291980765,46.1859592124918,50.9935287533035,50.9942787332757,71.1357311809191
15,-6.64034738689392,-2.24432701252042,-2.24426386370003,-1.87405778795804,-1.77421610750968,-0.633317670872303,21.6725548372707,21.6726210545194,22.076216678469,43.2013820241116,45.8238904925956,46.105948161937,51.9633186326322,51.9640742349273,72.167452957337
16,-6.38487991234157,-2.2147327205538,-2.21466956073496,-1.99123649727051,-1.69644960389145,-0.571580220904569,21.0570829951682,21.057150144082,21.7644643596721,42.2405844577938,45.5440867293857,46.6152681794496,52.933620133379,52.9343823567536,72.8059286238682
17,-6.12489747919298,-2.17985890439072,-2.17979577078391,-2.11324880874977,-1.61547630691715,-0.499717596923261,20.4420465805025,20.4421141491507,21.4913328625769,41.2937541722693,45.3415542863263,47.1642117958964,53.8968369440356,53.8976066454909,73.0228721985994
18,-5.86425954836598,-2.23944641650607,-2.13930179044443,-2.13923837382869,-1.53170728239924,-0.414692542279384,19.8299405381401,19.8300080877101,21.2557842638561,40.3673654584936,45.2081774972417,47.7531695463977,54.8460407693592,54.8468186690275,72.8100489853384
19,-5.60748920585079,-2.36914743251524,-2.09269845318443,-2.09263495805878,-1.44557234478084,-0.312686126602151,19.2229231099556,19.2229902663764,21.0567935592637,39.4668131665062,45.1335942537067,48.3823557784643,55.7750229102402,55.775809597046,72.1775289952084
20,-5.35971892756341,-2.50164250233775,-2.03973557521185,-2.03967192197096,-1.35751813911487,-0.189131861435377,18.6228610126016,18.6229274582424,20.8934761098618,38.5964845730149,45.1059403384031,49.051754516184,56.6783310630706,56.6791270012893,71.1508060392129
21,-5.12649321487025,-2.63619872465258,-1.98015819131974,-1.98009432842096,-1.26800601571832,-0.0388977977024016,18.0313720340291,18.0314374999572,20.7650976258162,37.7598475250808,45.1124233688368,49.7610582191032,57.551287752585,57.5520932892176,69.7674616636865
22,-4.9133846132909,-2.77206548768036,-1.91377849912096,-1.91371437549369,-1.17750970145796,0.143337638185563,17.4498658558404,17.4499301148578,20.6710051461535,36.9595476750135,45.1397183236492,50.5095990216496,58.3899891735041,58.3908045465837,68.0738795115569
23,-4.72543336409573,-2.90848028405189,-1.84048485060127,-1.84042041272879,-1.08651277693019,0.362524343889386,16.8795835020899,16.8796463626279,20.6105112263622,36.1975090532566,45.1741806243025,51.2962726617403,59.1912851510832,59.1921105000297,66.1223256649856
24,-4.56651473404723,-3.04467475421924,-1.76025106785554,-1.76018625910259,-0.995505974382896,0.622596272095267,16.321635568673,16.3216968695423,20.5827522269703,35.4750335952022,45.2018459533197,52.1194557989728,59.9527423360337,59.9535777220733,63.9685866252549
25,-4.43882215880463,-3.17988079623995,-1.67314624958523,-1.67308101003918,-0.904984316856888,0.925931210905199,15.7770392672083,15.7770988731658,20.5865304281631,34.7928964615658,45.2081094215917,52.9769180601519,60.6725934636511,60.6734390835835,61.6703406589696
26,-4.34265019166152,-3.31333660207293,-1.57934524866583,-1.57927951519485,-0.815444124426698,1.27309782042016,15.2467542822203,15.2468120802944,20.6201416533956,34.1514350297439,45.1768014920977,53.8657309493797,59.2865661217679,61.3496779999702,61.3505328700916
27,-4.27654245401332,-3.44429249188002,-1.4791399991299,-1.47907370560769,-0.727379918309976,1.66295448221557,14.7317174506,14.7317733471221,20.6811865947831,33.550630275412,45.087984331515,54.7821766114516,56.8786727789637,61.9833704149985,61.9842350095574
28,-4.23771339139582,-3.57201643411285,-1.37295184395285,-1.3728849216674,-0.641281257708331,2.09300800610471,14.2328762915842,14.2329302098837,20.7663659172989,32.9901799191742,44.9129331242341,54.5148601652952,55.7216636131709,62.5735136458311,62.5743876142499
29,-4.22256909946628,-3.69579915970726,-1.2613449490992,-1.26127732739648,-0.557629547287258,2.55985623487061,13.7512214104303,13.7512732891744,20.8712673291137,32.4695632030673,44.6033434369766,52.2806537833093,56.678641190924,63.120343618605,63.1212266188876
30,-4.22717553919604,-3.81495880189324,-1.14504076398523,-1.14497237122219,-0.476894854985074,3.05956073623776,13.2878177363128,13.2878675284943,20.9901680825543,31.988097511664,44.0734170201906,50.2968450743914,57.646552194568,63.6244191408372,63.6253107879053
31,-4.24760014469707,-3.92884501725038,-1.02493327532612,-1.02486404022949,-0.399532780214282,3.58787197856109,12.8438343984873,12.8438820710962,21.1158990999208,31.5449872886549,43.2007146670237,48.7188754331433,58.6177866489045,64.0865539706325,64.0874538351076
32,-4.2801216620289,-4.03684256713152,-0.902104462877086,-0.90203431642307,-0.32598141142606,4.1402960219539,12.4205727531817,12.4206182876202,21.2398448952386,31.1393658464862,41.9251595143274,47.6380742492356,59.5836829986157,64.5077532859016,64.5086608975309
33,-4.3213374364343,-4.13837436014306,-0.77783885763784,-0.777767735579658,-0.256658409486495,4.71202309823632,12.0194916013426,12.0195349946668,21.3521790658518,30.7703307452373,40.3598640576346,46.9708997178181,60.5345674031918,64.8891553109345,64.8900701626178
34,-4.36820361860354,-4.23290397504391,-0.653635382861318,-0.653563229027788,-0.191958249508715,5.2977409234152,11.6422279416933,11.6422692087696,21.4424426222594,30.4369734452704,38.6847353079973,46.5650348016705,61.459844575527,65.231978527693,65.232900079289
35,-4.41803681332846,-4.31993769860121,-0.531213704128568,-0.531140474582817,-0.132249648929855,5.89134479398756,11.2906106640339,11.2906498406753,21.5005394633713,30.138403930682,37.0257421075692,46.3193377245653,62.3481469411177,65.5374746118119,65.5384022934066
36,-4.46849613576371,-4.39902612434246,-0.412511164684822,-0.412436832747229,-0.077873204032496,6.48554511255296,10.9666634436345,10.966700590709,21.5181325887166,29.8737709684918,35.4527090486652,46.1848143909883,63.1875465555504,65.8068870186142,65.8078202329449
37,-4.51755703574443,-4.46976536578193,-0.299665194582501,-0.29958975655785,-0.0291392511532742,7.07137047389042,10.6725919088895,10.6726271172502,21.4902864528821,29.6422786204666,34.0049621573185,46.1375240101555,63.9658301807907,66.0414149963309,66.0423531197878
38,-4.56348347133296,-4.53179794179879,-0.1949752129587,-0.194898694131605,0.0136740371211522,7.63758205411988,10.410749278537,10.4107826743943,21.4170684734917,29.4431995668677,32.7073940505127,46.1612694945294,64.6708326639536,66.2421827122747,66.2431250930778
39,-4.60480241998946,-4.5848133927832,-0.100838103431104,-0.100760563455105,0.0503223160517674,8.17007096592304,10.1835747143745,10.1836064644163,21.3047641946771,29.2758857388541,31.5782057936617,46.2392867443961,65.2908176544467,66.4102131328396,66.4111590825243
40,-4.64028332516283,-4.62854868440028,-0.0196531577789617,-0.0195746938079402,0.0805964934629903,8.65142979247361,9.99350043603901,9.99353075126227,21.1663783483358,29.1397766919772,30.6323018899693,46.3512926293783,65.81488835519,66.5464062931479,66.5473550588362
41,-4.66892404370571,-4.66278845183431,0.0463032694318433,0.0463825256856558,0.10432392057606,9.06108520452503,9.84282797376154,9.84285711070334,21.0210796587009,29.0344060892657,29.88240558766,46.4739088219135,66.2334052563821,66.6515216367545,66.6524723034164
42,-4.6899436819129,-4.68736513163293,0.0950260907480003,0.0951059980198171,0.121369367209354,9.3765812858958,9.73358096820127,9.73360922616038,20.8921236320581,28.9594066000716,29.3389908648774,46.5832201095303,66.5383834498526,66.7261643471785,66.7271153732622
43,-4.70278131341576,-4.70215902119601,0.124936725638474,0.125017357341439,0.131635950204035,9.57654923545114,9.66735052864163,9.66737824049874,20.8028131667682,28.9145134607606,29.0098127956298,46.6583674965191,66.7238373711877,66.7707787225943,66.771723483697
44,-4.70709829790842,-4.70709829790841,0.134983778317422,0.13510419277839,0.135104192778431,9.64514274383155,9.64518404221091,9.64518404221092,20.7708257047354,28.8995668856154,28.8995668856155,46.6851037308962,66.7851308756965,66.7865630867714,66.7865630867718
45,-4.70278761257522,-4.70250074862533,0.121394101310747,0.125345909419431,0.13573888431045,9.61287931452218,9.6325107545369,9.66651396629686,20.8019107493074,28.9369392422424,28.9826376837329,46.6585903516052,66.6985241279455,66.7724416686627,66.799522524237
46,-4.68984718303589,-4.68880824162454,0.0807040301925326,0.0963654490521127,0.137875565696737,9.51755985728908,9.5950823492377,9.7301178966273,20.8922302082666,29.0496223708626,29.2299628505842,46.574670075812,66.4357350662798,66.7390672329136,66.8411121154598
47,-4.66825218567071,-4.66632301602245,0.01430820412565,0.0486419493728022,0.141413557570519,9.36347353211299,9.53456736460339,9.83474672483974,21.0332828809151,29.2393806593828,29.6361329855987,46.4212146685145,66.0021423184332,66.7070268446035,66.9101447482124
48,-4.63796222728419,-4.63555527159446,-0.0758130465195796,-0.0169521313115928,0.146317681238585,9.15697007885962,9.45344238599481,9.97848350772573,21.2118958763063,29.5093155252138,30.1928804540069,46.1814272500679,65.4042014503767,66.706891659271,67.0061565759953
49,-4.59892277849293,-4.59723421077772,-0.187153683579528,-0.0991822193244253,0.152539322839821,8.90558239074399,9.35467219644494,10.1589079219422,21.4116434208402,29.8639078066254,30.889931442366,45.8388148677285,64.650700104048,66.7720668397645,67.1285043186941
50,-4.55232578287162,-4.55106711173676,-0.316879129185412,-0.19643481279799,0.160016734654879,8.61717222355418,9.24144470492932,10.3732900987401,21.6146863431459,30.308735456434,31.7158109393674,45.3830498707433,63.7525210207683,66.9309940964849,67.2763538352214
51,-4.50205844623481,-4.49431868196071,-0.462009216914467,-0.306692683330846,0.16867557130724,8.2992703544846,9.11700646122933,10.6187688581321,21.8038409012834,30.8496826269698,32.658448317763,44.8147628248315,62.7223553805478,67.2005510190927,67.4486742103316
52,-4.44795716888663,-4.42859387942943,-0.619567331949388,-0.427502761018543,0.178429553063756,7.958662649283,8.98458018176296,10.8924944051991,21.9645433848783,31.4916038945073,33.7055384918195,44.1473680833678,61.5743786421238,67.5830786109694,67.6442360402832
53,-4.39188352109536,-4.35380508154838,-0.786688389550517,-0.555941420415622,0.189181245493205,7.60119621914311,8.84731410688014,11.1917277031099,22.0862774633806,32.2364997196774,34.8446917651176,43.4056360531193,60.3239024117022,67.8615749592435,68.0679208509463
54,-4.33607541754654,-4.26986393459776,-0.960687533335224,-0.688587322931514,0.200822950522744,7.23174577013832,8.70822038235695,11.5138978630314,22.1631240847384,33.0809527492996,36.0634399909282,42.6229850495087,58.9870165452769,68.0990606918955,68.6360626556099
55,-4.28317276812934,-4.17668480750258,-1.13909649944136,-0.821518937341424,0.21323770389749,6.85427812727246,8.57008829533907,11.856623831208,22.1933973178495,34.0112745339963,37.3491686551789,41.8413654447897,57.5802357008428,68.3548046084016,69.2658380482024
56,-4.23620398189318,-4.07418837888637,-1.31967617088742,-0.950363122216321,0.226300373129999,6.47196592550745,8.43538527726695,12.2177080833926,22.1786571005288,34.9908172378434,38.6890306835013,41.1207135447397,56.1201639476429,68.6267105563069,69.9375728234869
57,-4.19849407568047,-3.96230534701478,-1.50041326521357,-1.07043233423467,0.239878848842827,6.08731761826051,8.30617058819696,12.5951092760181,22.1225291170415,35.922205012326,40.0698800992035,40.5753693927526,54.6231898931488,68.9124611319745,70.6366424868241
58,-4.17344581826938,-3.840980292424,-1.6795075512776,-1.1769946377251,0.253835321086795,5.70230458692166,8.18404285338989,12.9868990374448,22.0296788467435,36.5662201380667,40.4550941598659,41.4782478176705,53.1052232190981,69.2095220568273,71.3550114262939
59,-4.16415964359215,-3.71017577996616,-1.85535425953737,-1.26570498250032,0.268027630811475,5.31847575913675,8.07013044619731,13.391206086351,21.9051035649934,36.6419247660389,41.0453209269263,42.9003694661222,51.5814816595735,69.5151502233887,72.0917944453128
60,-4.17291921137939,-3.56987686987831,-2.02652482804726,-1.333165251339,0.282310685218276,4.93705620525817,7.96512134990881,13.8061490312364,21.7537490168406,36.2602565323969,42.2337934910305,44.3222659538913,50.0663354484322,69.8264066804979,72.8533768542304
61,-4.20067350450773,-3.42009633312357,-2.19174794691293,-1.37747794621417,0.296537924281159,4.55902968259886,7.86932142596184,14.2297576841823,21.5803747653559,35.6851212586834,43.7492169246798,45.7298708730521,48.5732142829066,70.1401752923807,73.6534664999615
62,-4.24672440269255,-3.26088106583546,-2.34989202186319,-1.39858222256016,0.310562824327911,4.185206989656,7.78272781128862,14.6598815596131,21.3895717919438,35.0473445482439,45.4464380792966,47.1089135823645,47.1148605255553,70.4531876428685,74.5132198745887
63,-4.30878109974533,-3.09232053001917,-2.49994961174049,-1.39821033369541,0.324240423283301,3.81628301956785,7.70510589482829,15.0940834855114,21.185848787496,34.3979958771104,45.701959876149,47.2517625066686,48.4465145231112,70.7620545649673,75.4612930268671
64,-4.38336543359191,-2.91455862901947,-2.64102403074114,-1.37948115576594,0.337428851040516,3.45288612701374,7.63606182230328,15.5295161102169,20.9737273992355,33.7589938881392,44.3460657424432,49.1109519506986,49.7285609792398,71.0633044309403,76.5332658793302
65,-4.46638434606847,-2.77231828656922,-2.72781128018808,-1.34631607370213,0.34999084749623,3.09562434790549,7.575106076426,15.9627799557016,20.7578099935145,33.1415130489831,43.0569407217449,50.9427219298756,50.9703159950291,71.3534280391689,77.7693521575362
66,-4.55365776549567,-2.89312502919832,-2.53239532732905,-1.30289074877495,0.361795250108006,2.7451347737067,7.52170647942537,16.3897643315124,20.5428021526012,32.5526799502787,41.8441903255095,52.0772065693145,52.771824505515,71.6289295896326,79.2088221531249
67,-4.64128291473382,-3.00282051885343,-2.32877406203755,-1.25324364854546,0.372718432449243,2.40214612760037,7.47533069228458,16.8054781709008,20.3334855651588,31.998329779578,40.7172384696281,53.1211928069863,54.4557934089301,71.8863828652122,80.8797603243415
68,-4.72582368857301,-3.10085739005525,-2.11764134726711,-1.20105459562099,0.382645675182246,2.06757283788147,7.43547902934104,17.2038884808261,20.134645843294,31.4842608427433,39.685600623688,54.0649381169366,55.9685392502868,72.1224913526322,82.7845543294823
69,-4.80437130903798,-3.18676061955804,-1.90007586538254,-1.14954911883166,0.391472451165813,1.74267782333038,7.40170842475592,17.5778014483664,19.9509650107856,31.0167911001689,38.7591279409088,54.8998540974163,57.2712826887192,72.3341506717101,84.8848018564727
70,-4.87453156568003,-3.26012388613813,-1.67785031851536,-1.10147548028408,0.39910560707265,1.42938706929614,7.37364801324601,17.9188455596461,19.7868908475463,30.6028955675609,37.9481553341481,55.6185461266672,58.3454145834649,72.5185113650895,87.0918135844433
71,-4.93438059608962,-3.32060690116597,-1.45409554765401,-1.05911478307694,0.405464424918636,1.13095740539632,7.3510064086402,18.2176423594259,19.6464957595084,30.2500283917898,37.2634605654453,56.2148228572893,59.191292139684,72.6730398641231,89.2678785427929
72,-4.98241449234795,-3.36793343863821,-1.23484048994516,-1.02430119782751,0.410481548283166,0.853518826009865,7.33357078473761,18.464263053468,19.5333370640776,29.9656879575271,36.7159294854009,56.6836827533295,59.821915371269,72.7955753188599,91.2397296373421
73,-5.01750533993179,-3.40188991550273,-1.03277047670857,-0.998441562816808,0.414103759713156,0.609834250668475,7.32119858417462,18.6490391446676,19.4503290583817,29.7567945458049,36.3158533817002,57.0212862932201,60.2551883386762,72.8843799836803,92.8224217745709
74,-5.03886835485578,-3.42232440433056,-0.982530612537559,-0.875550023064287,0.416292597815468,0.427623172410352,7.31380408446251,18.7636925151956,19.3996353130052,29.6289839180087,36.071888109317,57.2249227739249,60.5076392878965,72.938180998169,93.849887740901
75,-5.04604041197173,-3.42914598937967,-0.977161290434347,-0.812215901511723,0.355955201395931,0.417024804812136,7.31134362051546,18.8025801223888,19.3825875394266,29.5859510567215,35.9898759401795,57.2929799098955,60.5904800090653,72.9562016957943,94.2062591096635
76,-5.0461580918679,-3.42648496520587,-0.979930272534602,-0.812929506593752,0.311073654156914,0.408334007599467,7.37838876582122,18.8199385663654,19.3973460112572,29.6220638486045,36.0034377775297,57.2895007014794,60.544657602343,72.8913079012938,94.1586089070661
77,-5.04683858451125,-3.41852592539939,-0.988489468151946,-0.815055390143227,0.182529804106276,0.382421551751471,7.57411372330578,18.8718456562993,19.4415715550512,29.7305575544665,36.044079151509,57.2789443334053,60.4081544417073,72.696955098969,94.013618208083
78,-5.04908270956869,-3.40534086241215,-1.00381072011837,-0.818549312473376,-0.0134115337813393,0.339760111850029,7.88456024092079,18.9578038514574,19.515114625142,29.9118833757028,36.1116657138288,57.2609569389543,60.1838149307852,72.3741395561096,93.7652036486202
79,-5.05461708582082,-3.38704940643564,-1.02855155534827,-0.8233393589574,-0.254233597689089,0.281114434373368,8.29215772127312,19.0770071107348,19.6177261270436,30.1667437928943,36.2059671256795,57.2349567093924,59.8762245979346,71.9245562104206,93.4033664088009
80,-5.06596875787329,-3.36381827259203,-1.07045585233756,-0.829328554282902,-0.51200800701425,0.207509236225442,8.78004229219177,19.2283731684925,19.749057350941,30.496017478638,36.3266475004416,57.2001461829098,59.4914913794414,71.3506483309695,92.9144607554313
81,-5.08653206432379,-3.33586045401515,-1.15321497276855,-0.836398306883006,-0.744688181556632,0.120188738501461,9.33427352035842,19.4105841440973,19.9086593077395,30.9006524931894,36.4732521962728,57.1555301090516,59.0369660521042,70.6556728145564,92.2816812434675
82,-5.12056389626188,-3.30343413002017,-1.31671232491856,-0.896381826891017,-0.84441249109838,0.0205713681816713,9.94432478810579,19.6221318338601,20.0959809124623,31.3815259093785,36.6451911600054,57.099939522697,58.5209252259894,69.8437767466227,91.4858658465972
83,-5.17299512387876,-3.26684125287475,-1.54076942110603,-0.973464439788229,-0.85322194915118,-0.089796893254284,10.6027045017508,19.8613640299425,20.3103653216909,31.9392672689451,36.8417191213941,57.0320628028566,57.9522424922165,68.9200794830794,90.5067166458163
84,-5.24891289177144,-3.2264257732748,-1.76923240775577,-1.02043838213816,-0.862669186314742,-0.209287508248214,11.3042955382928,20.1265286033086,20.5510436069713,32.5740424885257,37.0619130626808,56.9504845974782,57.3400727021683,67.8907531777163,89.3245200053295
85,-5.35263154750384,-3.18257146392447,-1.9735644043768,-1.0567238783628,-0.872593039764475,-0.33623045275686,12.0456734730841,20.4158127068996,20.8171248371555,33.2852942231702,37.3046475464864,56.6935713541973,56.8537335522912,66.763093535553,87.9223930482586
86,-5.4865160634685,-3.13569930296226,-2.14202692872023,-1.08821482688498,-0.882833122050533,-0.468949898811961,12.8244794089508,20.7273751196454,21.1075815540932,34.0714345989493,37.5685686768539,56.0216668136239,56.7403397720433,65.5455718235622,86.2889828387824
87,-5.65005960046658,-3.08626438456997,-2.27090213045617,-1.11664746912719,-0.89323387056845,-0.605793818821953,13.638852442506,21.0593703084419,21.4212295666971,34.9294869009568,37.8520676923306,55.3328993913087,56.6089028444445,64.2478590709585,84.4213987400307
88,-5.83977334326419,-3.03475233300205,-2.36164100368036,-1.14231664151047,-0.903648071073532,-0.745157449332805,14.4869138864797,21.4099631267663,21.7567009738822,35.8546738202163,38.1532554404715,54.6353406671215,56.4581710438748,62.8808142109124,82.3279876111759
89,-6.04998575683134,-2.98167520832609,-2.41903960390275,-1.16491673589446,-0.913939762569601,-0.885501006391698,15.3663050501567,21.7773331337134,22.1124093832809,36.8399488686485,38.4699392487802,53.9366125651544,56.2871319704554,61.4564298895266,80.0304159449575
90,-6.27407324307359,-2.92756690697857,-2.44954834030799,-1.1838615469192,-1.02536232719888,-0.923986469688018,16.2737946074336,22.1596672779904,22.4865064603767,37.8754580903369,38.7996039698955,53.2440448955282,56.0951143306837,59.9877329358136,77.5644774189396
91,-6.50552870680109,-2.87297807720853,-2.45993178977008,-1.19844619699023,-1.16336524224777,-0.933680744554188,17.2049808234301,22.5551391391754,22.8768292811314,38.9478869319552,39.1393992134738,52.5650547312499,55.8818997804831,58.4886410287122,74.9791699181295
92,-6.73858586505091,-2.81847058775153,-2.45643924675105,-1.29822460342514,-1.20796514456157,-0.942931031495679,18.1541130192648,22.9618720549924,23.2808385531563,39.4861349508012,40.0395635887234,51.9079266026704,55.6478426732473,56.9737826832097,72.3339030913147
93,-6.96843740849096,-2.76461160664379,-2.44440410696684,-1.42874845542061,-1.21182605742375,-0.951661893906278,19.1140443256488,23.3778823043169,23.6955487254913,39.8362877514564,41.1270025797173,51.2833698997561,55.3939941175956,55.4582938430787,69.6941339477483
94,-7.19120674758882,-2.7119673648293,-2.42810225222234,-1.55383865843099,-1.20966673190454,-0.959813662872247,20.0763070377945,23.8009971174457,24.1174524600858,40.1860198410975,42.1782042201788,50.7076072471103,53.9576104236452,55.1222248788927,67.1261246103941
95,-7.4038136193568,-2.66109669501494,-2.41074014734428,-1.67248987143424,-1.20146308700104,-0.967341582005002,21.031279443512,24.2287408113777,24.5424440375073,40.5312129130078,43.1475294334486,50.2082570203401,52.4872812110175,54.8353392854204,64.6916973315355
96,-7.60381684326368,-2.61254444906972,-2.39451281769448,-1.78378786271704,-1.18760232500771,-0.974214532803502,21.9683966455918,24.6581812085925,24.9657491435648,40.8675181476484,43.9676730671949,49.8335833438987,51.0628285191,54.5371693867841,62.4437426981681
97,-7.78927235678822,-2.56683490633185,-2.38071604309313,-1.88690733420984,-1.16889634701323,-0.980413430474477,22.8763531504948,25.085728615969,25.3818721680143,41.1904231733011,44.5470720630403,49.6568533709608,49.6996842993028,54.2326352142309,60.422902359612
98,-7.9586190093822,-2.52446528997548,-2.36990649296369,-1.98110957643206,-1.1465260658899,-0.985929382174864,23.7432532731609,25.5068829133713,25.784576451597,41.4953357397437,44.8048871488082,48.4132171732409,49.7436096968052,53.927753375055,58.6555368608748
99,-8.11059258008199,-2.4858995089314,-2.36209250497527,-2.0657401489209,-1.12193038300283,-0.990761698809199,24.5566853071054,25.9159342768,26.1669172215805,41.777682710405,44.7475987595887,47.2188736154019,50.077411387035,53.6295730353963,57.1530478120017
100,-8.24416383416663,-2.45156223895947,-2.35692742785826,-2.14022671340233,-1.09666964144223,-0.994915848400552,25.3037260933555,26.3056455592942,26.521349949379,42.0330216780985,44.4736583331118,46.1323821398745,50.5568250663364,53.346016894115,55.9128385566882
101,-8.35849527952048,-2.42183344887136,-2.35387881763126,-2.20407709379051,-1.07229411684409,-0.998401434148054,25.9709260901708,26.6669868514289,26.8399363647015,42.2571611840622,44.0946304318838,45.169978077772,51.0742915658953,53.0856071048472,54.9212619937202
102,-8.45291164567354,-2.39704346737999,-2.35235842582111,-2.25687759868381,-1.0502370820459,-1.00123027393752,26.5443828250362,26.9890593381953,27.1146634761374,42.446284309011,43.6940957142668,44.3484864642846,51.5552148462266,52.8570649686232,54.1584516727901
103,-8.52688003699429,-2.37746867352799,-2.35181122962717,-2.29829161618852,-1.03173849503445,-1.00341465053242,27.0100710801921,27.2594221835444,27.3378749912487,42.597069463709,43.3297893554868,43.6850427519633,51.9520910151882,52.66879101916,53.6043179151118
104,-8.57999674784446,-2.36332788005311,-2.35177043554901,-2.32805846974112,-1.01779605620181,-1.00496579309951,27.3546170784299,27.4650652417826,27.5027889625334,42.706801685363,43.0420536660242,43.1961918835629,52.2317910341508,52.5282590910789,53.244202048566
105,-8.61197865554337,-2.35477946520102,-2.35188843144313,-2.34599240846874,-1.00913661283861,-1.00589264121521,27.5666012934459,27.5941410784299,27.6040444159653,42.7734677641949,42.8584604458576,42.896237891879,52.3760444647321,52.4413897010318,53.0641502248357
106,-8.6226578442653,-2.35201508272787,-2.35191929499906,-2.35191929499903,-1.00620093215756,-1.0062009321575,27.6381931648664,27.6381931648665,27.6381982553685,42.7946705601916,42.7958291453634,42.7958291453636,52.4119943541896,52.4119943541897,53.0183139588427
107,-8.61199724691489,-2.35380545227705,-2.353805452277,-2.3450580242117,-1.00751048492381,-1.00751048492375,27.5637566700488,27.6006265448511,27.6006265448512,42.8021310246341,42.8021310246343,42.9235350794374,52.4113407534331,52.4113407534333,53.0589972170091
108,-8.5800721554935,-2.35951293555414,-2.3595129355541,-2.32420502117401,-1.01134047848057,-1.01134047848051,27.3475175945337,27.4876360581767,27.4876360581767,42.822003748055,42.8220037480551,43.2981240911663,52.4102398050616,52.4102398050619,53.1861696561603
109,-8.52705210137282,-2.36918367863875,-2.3691836786387,-2.28951008733044,-1.01740131958515,-1.0174013195851,27.0081566914227,27.2985112435451,27.2985112435451,42.8582482349191,42.8582482349193,43.8838856534129,52.411115874723,52.4111158747234,53.4161062266966
110,-8.45321781034101,-2.38303712545824,-2.38303712545818,-2.24106152150682,-1.02523169983534,-1.02523169983527,26.5700712112157,27.0325721284429,27.0325721284429,42.9152019627771,42.9152019627774,44.6265861695088,52.4175313107222,52.4175313107222,53.7785915721473
111,-8.35895874174297,-2.40134440209215,-2.40134440209209,-2.17897916394135,-1.03423044258046,-1.03423044258039,26.057755248228,26.6898097777597,26.6898097777597,42.998264461085,42.9982644610852,45.4548318626441,52.4335930648202,52.4335930648203,54.3189320533251
112,-8.24477025128475,-2.42439259980612,-2.42439259980607,-2.10341023801218,-1.04370004111145,-1.04370004111139,25.492444348233,26.2715672609145,26.2715672609146,43.1132980226032,43.1132980226034,46.2850867795457,52.4633288543473,52.4633288543473,55.0947593372124
113,-8.11125108046943,-2.45244113855286,-2.45244113855282,-2.01452346646565,-1.05289943930296,-1.0528994393029,24.8909906411657,25.7810913681663,25.7810913681663,43.265994578358,43.2659945783582,47.0360374385282,52.5101593573574,52.5101593573575,56.1608730374834
114,-7.95910215418779,-2.485674234792,-2.48567423479195,-1.91250109286877,-1.06110155958755,-1.06110155958747,24.2660687713672,25.223812445491,25.2238124454911,43.4613194737857,43.4613194737859,47.6514545259322,52.576549024187,52.5765490241871,57.5440347715474
115,-7.78912790721635,-2.52415547645901,-2.52415547645895,-1.7975284287673,-1.06764917121149,-1.06764917121142,23.6269124108551,24.6072820252824,24.6072820252824,43.7031254863075,43.7031254863077,48.1139792251825,52.6638601231146,52.6638601231147,59.226399761749
116,-7.60224146361492,-2.56779141339443,-2.56779141339439,-1.66978060235644,-1.07200188817688,-1.07200188817682,22.9801329758396,23.9407904661234,23.9407904661234,43.9939798099629,43.9939798099631,48.4369483166641,52.7723844578354,52.7723844578354,61.1514017676526
117,-7.39947485639626,-2.6163101107901,-2.61631011079008,-1.52940630773221,-1.0737681557182,-1.07376815571813,22.3304383177887,23.2347633322261,23.2347633322261,44.335187163037,44.3351871630372,48.6460477829155,52.9014983678324,52.9014983678325,63.241086543381
118,-7.18199503105561,-2.66925778693864,-2.6692577869386,-1.37650852960691,-1.07271900091755,-1.07271900091749,21.6812067819586,22.500069934022,22.500069934022,44.7269499551368,44.726949955137,48.7666622327366,53.0498807105538,53.0498807105541,65.4096534595517
119,-6.95112563561397,-2.72601292156868,-2.72601292156863,-1.21112242519861,-1.06878411405303,-1.06878411405297,21.0349265410531,21.7473676461795,21.7473676461796,45.1685933575163,45.1685933575165,48.8195577974017,53.2157435081593,53.2157435081597,67.5708896657836
120,-6.70837365661683,-2.78581398624502,-2.78581398624499,-1.06203407853919,-1.06203407853913,-1.03319078016172,20.3935245908795,20.9865673733692,20.9865673733692,45.6587941338358,45.658794133836,48.8209639818623,53.3970414849171,53.3970414849177,69.6432420711975
121,-6.45545895115277,-2.84779525828503,-2.84779525828497,-1.05265423998437,-1.05265423998429,-0.842537761109454,19.7586088895737,20.2264599187962,20.2264599187962,46.1957742491284,46.1957742491287,48.7839396560337,53.5916427451655,53.5916427451655,71.5548281940023
122,-6.19434374973134,-2.91102522422173,-2.91102522422167,-1.04091562251912,-1.04091562251906,-0.638842157342562,19.131642162293,19.4745051692043,19.4745051692043,46.7774421755904,46.7774421755907,48.7197541213822,53.7974549079012,53.7974549079015,73.2483391394355
123,-5.92725827121728,-2.97454331907127,-2.97454331907125,-1.02714701878382,-1.02714701878377,-0.421612054471743,18.5140611847551,18.7367620006633,18.7367620006633,47.4014806620319,47.4014806620322,48.6389633923609,54.0125085310191,54.0125085310192,74.6847207260412
124,-5.65671763413854,-3.03739240411616,-3.03739240411612,-1.01171069367653,-1.01171069367649,-0.190163978392954,17.9073520239629,18.0179259521476,18.0179259521477,48.0653886233868,48.0653886233871,48.5521791625178,54.2350034805497,54.2350034805498,75.844581900423
125,-5.38552425011406,-3.09864586119372,-3.09864586119366,-0.994982659314873,-0.994982659314832,0.0563890985184369,17.3130896274777,17.3214403108848,17.3214403108848,48.4705972775124,48.7664883162598,48.7664883162601,54.4633252542134,54.4633252542135,76.7269543481121
126,-5.11674904887783,-3.15742920830501,-3.15742920830499,-0.977337471179488,-0.97733747117943,0.319135237458388,16.6496502780543,16.6496502780543,16.7329488424546,48.4063510993983,49.5019092089099,49.5019092089102,54.6960382134282,54.6960382134284,77.3458170727874
127,-4.85368477224365,-3.2129367137964,-3.21293671379635,-0.959136966777101,-0.959136966777058,0.599340357172434,16.0039762090765,16.0039762090765,16.1686929866277,48.3727418158045,50.2685586192251,50.2685586192255,54.9318619592669,54.931861959267,77.7253327855539
128,-4.59976606272231,-3.26444372267578,-3.26444372267575,-0.940722192861174,-0.940722192861104,0.898399448352039,15.3850885621522,15.3850885621522,15.6221452415116,48.3843865329752,51.0630873070948,51.0630873070952,55.1696361895707,55.1696361895708,77.8948666605795
129,-4.35845499802208,-3.31131544518277,-3.31131544518274,-0.92240779890287,-0.9224077989028,1.21776088171555,14.793073090761,14.793073090761,15.0951473370604,48.4573155579007,51.8818561759335,51.8818561759339,55.4082786661283,55.4082786661289,77.8846394430803
130,-4.13309721108381,-3.35301289892603,-3.35301289892602,-0.904478298381648,-0.904478298381589,1.55882865741267,14.2275795598796,14.2275795598797,14.5895093248704,48.6090383607234,52.7209078086222,52.7209078086225,55.6467409671266,55.6467409671267,77.7224889910991
131,-3.92676151670289,-3.38909660471564,-3.38909660471563,-0.887185743781761,-0.887185743781685,1.9228546743382,13.6879507991396,13.6879507991397,14.1069538350186,48.8585781989487,53.5759419171854,53.5759419171856,55.8839693766214,55.8839693766216,77.4318520567555
132,-3.7420823186735,-3.41922854331373,-3.41922854331368,-0.870748489183677,-0.870748489183596,2.310838564254,13.1733313606488,13.1733313606488,13.6490582213656,49.2264426366511,54.4422772738372,54.4422772738375,56.1188931588743,56.1188931588745,77.0308288847576
133,-3.58112593339192,-3.44317279681243,-3.44317279681242,-0.855350811805334,-0.855350811805251,2.72345315960224,12.6827566272256,12.6827566272256,13.2171985211125,49.7344441348492,55.3146788018877,55.3146788018882,56.3505649946396,56.3505649946397,76.5320736175466
134,-3.46079522585619,-3.46079522585617,-3.44529785555226,-0.841143228684674,-0.841143228684603,3.16100765733564,12.2152241284726,12.2152241284726,12.8125002327618,50.4052019158601,56.1853015721777,56.1853015721781,56.5802040902246,56.5802040902248,75.9432316370378
135,-3.47206247071205,-3.472062470712,-3.33529930534574,-0.828243380104844,-0.828243380104799,3.62344926556838,11.769749254532,11.7697492545321,12.4358025832016,51.2610317957685,56.7825348204808,56.7825348204809,57.072359991208,57.0723599912085,75.267675094
136,-3.47704050806375,-3.47704050806372,-3.25113175135117,-0.816737362073802,-0.816737362073718,4.11039093381725,11.3454076629599,11.3454076629599,12.0876453530587,52.3217574174656,56.9985042702428,56.9985042702431,57.9274389064524,57.9274389064529,74.5053315552464
137,-3.4758929447048,-3.47589294470477,-3.19214105634952,-0.806681380737328,-0.806681380737282,4.62114061790743,10.941366569588,10.941366569588,11.7682910305943,53.600772878841,57.1978365541946,57.1978365541947,58.7729878308206,58.7729878308212,73.6534343779115
138,-3.4688791828925,-3.46887918289245,-3.15708990641154,-0.798103575962739,-0.798103575962656,5.15469632320699,10.5569068843656,10.5569068843656,11.4778018238842,55.0985496200013,57.3825351141667,57.3825351141667,59.5988852403973,59.5988852403979,72.7070393341663
139,-3.45635254895925,-3.45635254895923,-3.14424734546487,-0.791005823083579,-0.791005823083493,5.70965573100796,10.1914378570417,10.1914378570417,11.2162058118625,56.7929798059958,57.5500036156727,57.550003615673,60.3993996833936,60.399399683394,71.6591628288109
140,-3.43875843533805,-3.43875843533799,-3.1514855594047,-0.785365275050344,-0.785365275050272,6.28395486407057,9.84450557476849,9.84450557476854,10.9838232528955,57.6968843800978,57.6968843800981,58.6270195706453,61.1694455362138,61.1694455362142,70.5004678661609
141,-3.41663246381023,-3.41663246381017,-3.176375067887,-0.781135357791142,-0.781135357791086,6.87425484821476,9.51579633037009,9.5157963303701,10.7819251408498,57.8193051766322,57.8193051766324,60.4966047593524,61.9044390442008,61.9044390442013,69.2188420892313
142,-3.39059863004536,-3.39059863004533,-3.2162701495848,-0.778245888618387,-0.778245888618313,7.47450087508134,9.20513557387406,9.20513557387408,10.6142007771716,57.9129239152837,57.9129239152839,62.2443388957502,62.6003615872521,62.6003615872527,67.8016699412224
143,-3.36136732926155,-3.36136732926152,-3.26837798918639,-0.77660196543142,-0.776601965431339,8.07219718688093,8.91248288477373,8.91248288477376,10.4905042388413,57.9729528579941,57.9729528579942,63.2538454058829,63.2538454058834,63.6453270190779,66.2672415957243
144,-3.3298093882446,-3.32973307962659,-3.32973307962655,-0.776081294784273,-0.776081294784155,8.63783905976944,8.63792317170793,8.63792317170795,10.4374631133142,57.9941936378745,57.9941936378748,63.8608805880367,63.862248046369,63.8622480463694,65.2590852529
145,-3.39754669362062,-3.29663522626894,-3.29655983031115,-0.77654515622436,-0.776535089857932,8.38158284413201,8.38166333405772,9.100487824496,10.5230680228787,57.9710497075452,57.9710794040448,62.0521823645456,64.4224932694528,64.4237488558032,65.5033381098561
146,-3.46875552145465,-3.26289492358375,-3.26281180417061,-0.777786690303098,-0.777766351732053,8.14390226375107,8.14398841575019,9.3617622214563,10.8424988591308,57.8977426170771,57.8978023993084,59.7545531759458,64.9359378511036,64.937233667667,65.4858848695589
147,-3.54041921677187,-3.22960452205185,-3.22951366314125,-0.779567374667197,-0.77953673944725,7.92517709469191,7.92526879023526,9.44216393171144,11.3724280192034,57.2190165287118,57.7682983675158,57.7683912780169,65.1215772112999,65.4010801054695,65.4024154090454
148,-3.60967392930322,-3.19785149483403,-3.19775304621825,-0.781594029945942,-0.781553298501376,7.72583008444964,7.72592713838147,9.4416087070176,12.0103354860157,54.5688744822286,57.5767402545842,57.5768621857966,64.5370374478745,65.8183679888984,65.8197425952529
149,-3.67381051105068,-3.1687734839792,-3.16866779854058,-0.783511002588856,-0.783460643653496,7.54630886909641,7.54641102298446,9.41525197604411,12.6988521352875,51.9376721976288,57.3172705468619,57.3174221490586,63.8550793419092,66.1889087467357,66.1903211711346
150,-3.73033698089707,-3.14353967697898,-3.14342734398325,-0.784895292423048,-0.784836081499973,7.3870557537999,7.38716267102056,9.38397469709416,13.4152872269312,49.4407236100638,56.9844787861572,56.9846587600128,63.1645973348145,66.5143637879935,66.5158120419359
151,-3.77702123135794,-3.12332459272669,-3.12320646214404,-0.785257372613831,-0.785190418678673,7.2484758107973,7.24858707441065,9.3557070554019,14.1502364637818,47.1522729305792,56.5735677875816,56.5737740714702,62.5221320102467,66.7968322074641,66.79831362518
152,-3.81191036380608,-3.10927293022816,-3.10915012092643,-0.784050546354379,-0.783977298726319,7.13090485048383,7.1310199647375,9.33351888787442,14.8993561387874,45.1035784264286,56.0805853390922,56.0808151874126,61.9609447916393,67.0387290465109,67.0402402988947
153,-3.83333123525997,-3.10245524980409,-3.10232913421106,-0.780690959168579,-0.780613186581065,7.03457917545852,7.03469757147464,9.31848224954009,15.6603148175465,43.2939544274822,55.5026477708133,55.5028978430264,61.4988925993971,67.2426702805491,67.244207447689
154,-3.83988023413653,-3.1038162217756,-3.10368838162185,-0.774588611401083,-0.77450834776191,6.95960918335609,6.9597302291273,9.31079763572816,16.4314407367487,41.7045567603416,54.8381413010034,54.8384077876654,61.1435972544508,67.411373172492,67.4129318611906
155,-3.83040947547301,-3.11411975303759,-3.113991905517,-0.765187044831528,-0.765106501415579,6.90595875402905,6.90608176832628,9.31028515539078,17.2109610210854,40.309500997626,54.0868882737869,54.0871670515224,60.8956127411263,67.5475774767106,67.5491529688977
156,-3.8040139915474,-3.13389774688722,-3.13377164736354,-0.752006518294999,-0.751927969429224,6.87343190475684,6.87355617402776,9.31661077947126,17.9964453308356,39.0830897901726,53.2502676650264,53.2505544655892,60.7504381948933,67.6539892079492,67.6555766240635
157,-3.76002204032625,-3.16341046711494,-3.16328780128991,-0.734683580732164,-0.734609237228566,6.86166746322975,6.86179226015279,9.32938868611582,18.7842799045808,38.0038583467599,52.3312820368642,52.3315726142,60.6999167838235,67.7332453126751,67.7348397745969
158,-3.69798909719627,-3.20262553232233,-3.20250781474552,-0.713000042621487,-0.712931931363269,6.87014160571498,6.87026620786449,9.34822065859988,19.5690632175285,37.0565927815007,51.3345661026928,51.3348563839929,60.733295254908,67.7878952612106,67.7894920419662
159,-3.61769537203425,-3.25121935745618,-3.25110785245024,-0.686896700550622,-0.686836567661293,6.89817719690907,6.89830090402721,9.37270154611402,20.342840050777,36.2333089932594,50.2663351033306,50.2666213141941,60.8380667602152,67.8203945667764,67.821989218099
160,-3.51914648194314,-3.30860038082826,-3.30849605731109,-0.656470947410866,-0.656420196506283,6.94495810890446,6.94508025754715,9.4024052982229,21.0941305371039,35.5338501253262,49.13427435141,49.1345531099016,61.0006510791062,67.8331053832415,67.8346938361399
161,-3.40257697483045,-3.37394924641184,-3.3738528298373,-0.621961077588078,-0.621920746168586,7.00954620531475,7.00966618007414,9.43685888156154,21.8068327640525,34.9663841724942,47.9473746439413,47.9476430224535,61.2069449553998,67.8283002442598,67.829878881321
162,-3.44626930186973,-3.44618097933563,-3.26845587926943,-0.58372234114974,-0.583693110473695,7.09089849771829,7.09101573872114,9.47550778684472,22.4593941005588,34.5475865230616,46.7157216972723,46.7159772542036,61.4427756692521,67.808166236061,67.8097319368834
163,-3.52443842442314,-3.52435841191014,-3.11749559115768,-0.542200146876094,-0.5421823759424,7.18788208919897,7.18799609604565,9.51767538078555,23.0252502661655,34.301571991309,45.450251045019,45.4504918302946,61.6942991208848,67.7748080851457,67.7763582480095
164,-3.60725931639771,-3.60718750840969,-2.95066063677894,-0.497904683608746,-0.497898456665409,7.29928483985288,7.29939517252727,9.56251849269218,23.4761339793116,34.2559647631784,44.1624825289941,44.1627070685507,61.948393393302,67.7302495787888,67.7317821225563
165,-3.69350143391194,-3.69343757141328,-2.76917881271331,-0.451394639543368,-0.451389461148014,7.42382013246461,7.4239264099798,9.60898319250364,23.7891835943163,34.4341177996388,42.8642501541545,42.8644574189006,62.1931079059525,67.6764333493507,67.6779466998355
166,-3.7819351406748,-3.78187885298484,-2.57455156344751,-0.403250877595677,-0.403234605766287,7.56012460881585,7.56022650646974,9.65576767926976,23.955441415827,34.8457990340914,41.5674433348136,41.5676326995555,62.4182357101961,67.6152193693794,67.6167124342336
167,-3.87135741451441,-3.87130825705166,-2.36856290673423,-0.354061497087677,-0.354034573352723,7.70674824855997,7.70684549468239,9.70130333859044,23.9838410373396,35.4821270345683,40.2837743048876,40.283945502901,62.6160790261384,67.5483825986196,67.5498547343539
168,-3.9606102580393,-3.96056774226819,-2.15328497055024,-0.304426370880926,-0.304389330388277,7.86213667620649,7.86222904922315,9.74376953484881,23.8972385812061,36.3180757305845,39.0245838090492,39.0247368925288,62.7824673183146,67.4776101819527,67.479061156139
169,-4.04859322867718,-4.0485568443375,-1.9310781787889,-0.254944436837066,-0.254897880090605,8.02460615231958,8.02469347886722,9.78116071538459,23.7239761644811,37.3189675719866,37.8006934349847,37.8008289548632,62.9180450908325,67.4044984920705,67.40592844319
170,-4.13427153969653,-4.13424077033246,-1.7045843528865,-0.206208537042728,-0.206153108645038,8.19231241286477,8.19239456759011,9.81142278615774,23.4907866173214,36.6223084925508,36.622426245269,38.4451753355279,63.0297407527902,67.3305501940333,67.3319595908631
171,-4.2166810214934,-4.21665535459176,-1.47671174981094,-0.158800777062257,-0.158737150346904,8.36321547029451,8.36329237786047,9.8326657072836,23.21941760979,35.4989705989477,35.4990717634087,39.6529471657584,63.132110068564,67.2571714107084,67.2585610126462
172,-4.29493098942795,-4.29490992246081,-1.2506122286884,-0.113287859188773,-0.113216725541542,8.53504378995991,8.53511542965542,9.84343857686686,22.9261620545673,34.4395544217235,34.4396398070539,40.8929635643964,63.2478720264924,67.1856690011447,67.1870398204438
173,-4.36820581100156,-4.36818885450669,-1.02965179294621,-0.0702160784889831,-0.0701381402385398,8.70526297962651,8.70532939279862,9.84302473692008,22.6228350874306,33.4522985976806,33.4523691730932,42.109506353865,63.4064591204079,67.1172479293271,67.1186011958545
174,-4.43576573701021,-4.43575241563088,-0.81737569887852,-0.0301058639768465,-0.0300218298922724,8.87105624721486,8.87111754746653,9.83168772110395,22.3182546983428,32.5448568697463,32.5449137271416,43.2430648233321,63.6391104779377,67.0530086928866,67.0543458216991
175,-4.49694737281036,-4.4969372250025,-0.617467125410482,0.00655410506389491,0.00664352244978314,9.02932614429059,9.02938252995754,9.8107897683792,22.0197625324161,31.724352223676,31.7243965684515,44.2380142099255,63.9697689870232,66.9939447921753,66.9952673539072
176,-4.55116401937247,-4.55115659629903,-0.433693940476943,0.0393130725708988,0.039407158412519,9.17672891102679,9.17678067882247,9.78272581689044,21.7345182669826,30.9974147724022,30.997447922407,45.0539945894152,64.4036792570779,66.9409402412956,66.9422499349951
177,-4.59790600596292,-4.59790086993962,-0.269833126887512,0.0677644657995799,0.0678625035850279,9.30975298711678,9.30980054503282,9.75066611086443,21.4703512277272,30.3701842486045,30.3702076369455,45.6756241712439,64.9191332313445,66.8947671472177,66.8960657746254
178,-4.63674106135144,-4.63673778408713,-0.129560514525313,0.0915520014428983,0.0916532730373352,9.42485045176963,9.42489432847654,9.71816041245579,21.2360101161977,29.8482615381976,29.8482767161903,46.1142432671656,65.4682515230975,66.8560834064183,66.857372844801
179,-4.66731472215137,-4.6673128829331,-0.0162982047946314,0.110375385304245,0.110479170089886,9.51862284303843,9.51866369046385,9.68869779562969,21.040779745597,29.4366020015055,29.4366106377178,46.4002308695137,65.987498001671,66.825430590888,66.826712753552
180,-4.68935074936191,-4.68934993326789,0.0669756798009777,0.123995363440172,0.124100933633425,9.58805055705974,9.58808914311661,9.66531800960848,20.8936006961891,29.1393566625098,29.139360534001,46.5706673181326,66.4123972933902,66.8032321471145,66.804508869691
181,-4.70265151223697,-4.70265130841277,0.117934042207803,0.132237938808481,0.132344513798374,9.63073974968506,9.63077694218313,9.65033475478036,20.8019561028604,28.9596836832464,28.9596846563009,46.6583764742807,66.690003651422,66.7897926728238,66.7910647717176
182,-4.70709829790842,-4.70709829790841,0.134983778317422,0.13510419277839,0.135104192778431,9.64514274383155,9.64518404221091,9.64518404221092,20.7708257047354,28.8995668856154,28.8995668856155,46.6851037308962,66.7851308756965,66.7865630867714,66.7865630867718
183,-3.3298093882446,-3.32973307962659,-3.32973307962655,-0.776081294784273,-0.776081294784155,8.63783905976944,8.63792317170793,8.63792317170795,10.4374631133142,57.9941936378745,57.9941936378748,63.8608805880367,63.862248046369,63.8622480463694,65.2590852529
184,-3.38164229754314,-3.34015280465606,-3.26909215228271,-0.77687441009677,-0.776265242604321,8.18334837520303,8.60083941606746,9.1005306184111,10.5022819300715,57.9469003420222,57.9905781668942,62.8127942506774,62.9719076257888,64.8341600385765,65.8027785462386
185,-3.42519103326528,-3.37099632422653,-3.1992355038226,-0.779250546286371,-0.776813279109416,7.73661356143013,8.50383482371692,9.57159880278308,10.6821673066586,57.6959085149631,57.979807851866,61.376081066283,61.6850871171236,65.7328502591738,66.5533525513841
186,-3.46083963248689,-3.42125651889656,-3.11987103774159,-0.783244776714888,-0.77771424499807,7.29742359931553,8.37460300970292,10.0515684853572,10.9482318737748,56.7325246832788,57.9621102725521,60.0176702674623,60.4785982071324,66.5604980557365,67.2944985781904
187,-3.48930138109572,-3.48908574922143,-3.03069545987232,-0.788894528379938,-0.778949794383321,6.86560044358527,8.2355228969753,10.5409446973199,11.2762034704038,54.6422852846528,57.9378585039906,59.1941739890884,59.5131155867737,67.3205869848692,68.0971656477582
188,-3.57301524950545,-3.510462677073,-2.93144476692931,-0.796215339653696,-0.780494768635001,6.44102197670661,8.09976617683961,11.0402862052276,11.6503578735589,52.0288853257676,57.8342632393379,57.9075950451664,59.4501607639196,68.0168104830599,69.0204561267089
189,-3.66993155585579,-3.52553717315859,-2.82189362094833,-0.805178395685078,-0.782317709031571,6.02361665693492,7.97401954265406,11.5501852059337,12.0608792537087,49.349025164374,56.4033061560651,57.871866890648,59.5219838974997,68.6529210886458,70.0992744458167
190,-3.77736513568967,-3.53490672982623,-2.70185446304028,-0.815695151082223,-0.784381497754382,5.6133581968523,7.86121174596726,12.0712326644636,12.5012173964195,46.7884134570668,54.9076347545774,57.8315052178227,59.6368425047579,69.2326116634704,71.350242904539
191,-3.89253164938633,-3.53919623766236,-2.57117640603024,-0.827611231253284,-0.786644114139487,5.21026045751373,7.76219170770373,12.6039628813978,12.9664812234254,44.4246098386411,53.3558948845232,57.7873246937952,59.7624075117083,69.7594257019929,72.776481040679
192,-4.012647380674,-3.53905396699734,-2.42974394205052,-0.840709025720871,-0.78905949074621,4.81437265840488,7.67667492487707,13.1487683763314,13.452538028679,42.282652353576,51.7589821332809,57.7402410668211,59.8851194496503,70.2366933027955,74.3705556742534
193,-4.13500738947736,-3.53514677556219,-2.27747549967383,-0.854716769703862,-0.791578451767308,4.42577494766618,7.6037798599192,13.705772784053,13.9554852879688,40.3602323444418,50.1300731260437,57.6912256541602,59.9991113692089,70.6674890519358,76.116253119759
194,-4.25704310482059,-3.52815443053485,-2.11432188422,-0.869321467554855,-0.794149714627016,4.04457434236641,7.54233905554197,14.2746449547958,14.4713001642058,38.6420535090236,48.4845774097618,57.6412843073927,60.1021395517194,71.0546078484891,77.9895647509146
195,-4.37636210046231,-3.51876291986021,-1.94026463536293,-0.884183335975995,-0.796720934328875,3.67090102987924,7.49108256496852,14.8543317136444,14.9955587500467,37.1082498021932,46.8400625886481,57.591436268576,60.1937138161593,71.400554862825,79.9591546455872
196,-4.49077341742365,-3.50765662889709,-1.75531434024698,-0.898950087338587,-0.799239769254722,3.30490501623564,7.44874630451654,15.4426801083159,15.5231603045435,35.739146815781,45.2161968108733,57.5426932268706,60.274145655329,71.7075461687518,81.9865846335669
197,-4.59830178920167,-3.49550928436646,-1.55950895284587,-0.913270027237987,-0.801654946690577,2.9467531172232,7.4141350854472,16.0359141562223,16.0480126271593,34.5178394809307,43.6347667686055,57.4960389929494,60.344055917796,71.9775170214783,84.0265906156778
198,-4.69719378692021,-3.48297362841415,-1.35291220345369,-0.926803461437368,-0.80391730637747,2.59662632276662,7.38615795414592,16.5626482969301,16.627931269536,33.4315551297026,42.1198349238684,57.4524101745475,60.4041291683791,72.2121352085617,86.0276954810662
199,-4.7859184257707,-3.47066988845896,-1.13561227031461,-0.939232262901718,-0.805980800852331,2.25471765728596,7.36384664206567,17.0577614284275,17.2094028525746,32.4723994800614,40.6980825824786,57.4126781849137,60.4550007227255,72.4128173435009,87.93340339635
200,-4.86316427408328,-3.45917325360028,-0.95026766769819,-0.907721131880016,-0.807803432243672,1.92123091635769,7.34636388022819,17.521700095578,17.7667309793745,31.6377993433284,39.3993165844317,57.3776328609135,60.4972127108866,72.5807463780956,89.6841440411839
201,-4.9278346429519,-3.44900074547234,-0.959656438910994,-0.809348106499284,-0.669375881082771,1.59638149149457,7.33300584744619,17.940049593888,18.2810806750661,30.9307050209203,38.2569452122968,57.3479679139156,60.53120390923,72.7168889679395,91.2200182793521
202,-4.97904203541289,-3.44059805785843,-0.967185694787552,-0.810583387718947,-0.420746471038503,1.28040380662177,7.32320146189166,18.295622876706,18.7280339734302,30.3593437580782,37.3078957328653,57.3242683872753,60.557314349098,72.8220116317165,92.4842410731308
203,-5.01610270791786,-3.43432710136637,-0.972686480021634,-0.811484137307652,-0.162072725125015,0.973588043517111,7.31651023555314,18.5693992660764,19.0788557695904,29.9360389380666,36.5909950207673,57.3070002508643,60.5757948814272,72.8966949006445,93.4270018935843
204,-5.03853194006447,-3.43045508787267,-0.976036384073643,-0.812032025013167,0.106066684764709,0.676548959091548,7.31261977736674,18.7429877075148,19.3045169532172,29.6745459144332,36.1426728908965,57.2965022266683,60.5868168937581,72.9413448648849,94.0093048949362
205,-5.04604041197173,-3.42914598937967,-0.977161290434347,-0.812215901511723,0.355955201395931,0.417024804812136,7.31134362051546,18.8025801223888,19.3825875394266,29.5859510567215,35.9898759401795,57.2929799098955,60.5904800090653,72.9562016957943,94.2062591096635
