1,-8.22876483185953,-0.478906349265099,-0.478818032799947,-0.478818032799934,1.40648923204977,1.40648923204978,28.8406277015014,28.8406277015014,28.8406601844209,43.9772913976857,43.9784308680302,43.9784308680304,53.4298400234182,53.7596298483378,53.7596298483382
2,-8.21766028072557,-0.47901457810063,-0.478955234773419,-0.47535751051918,1.40098637063648,1.40881097948521,28.7739372719202,28.7927698985344,28.792790045184,43.9941036025525,44.0447554608922,44.0455081480435,53.4343865887321,53.69611135115,53.8626637480682
3,-8.1843965514218,-0.479388723981158,-0.479329759697974,-0.464905048440278,1.38449959406523,1.41574181651395,28.5791213448366,28.6513091584522,28.6513249652918,44.0423288090603,44.2436787263393,44.2444321100678,53.2729673586734,53.5069077871696,54.3437906569556
4,-8.12912397546713,-0.479889897830693,-0.479831039888019,-0.447535891306765,1.35709454564,1.42718005987481,28.2707878054338,28.4221666105529,28.4221758922001,44.1228512898051,44.5679401586364,44.5686890825964,52.942726244479,53.1960081298136,55.1975029251213
5,-8.05209473840588,-0.480335810494956,-0.48027703015646,-0.42332844707338,1.31888134994144,1.44296128249264,27.8697140160421,28.1140041587202,28.1140055349213,44.2359023877482,45.0078649887233,45.0086080861751,52.4871647508386,52.7698440322817,56.3681448471624
6,-7.95366458404016,-0.48047620457227,-0.480417501791751,-0.392392081605604,1.27001563845002,1.46286567225357,27.3992980879766,27.7369165913395,27.7369236968725,44.3817984772068,45.5518974336247,45.5526345152799,51.9324245545479,52.2369852186074,57.8145652672637
7,-7.83429395956665,-0.479997162770733,-0.479938542856138,-0.354867206161714,1.21069988092065,1.48662798544809,26.8827146388267,27.3013090093906,27.3013245113012,44.5609393857192,46.187712619926,46.1884442542445,51.3043931260464,51.6077507630992,59.4923433439677
8,-7.69454799012196,-0.478526693124594,-0.478468161477581,-0.310925144103097,1.14118492159026,1.51394996303174,26.3411579883129,26.8170943441509,26.817117690683,44.7738032941948,46.9029797858124,46.9037070321178,50.630711941407,50.8937677045693,61.3495191677411
9,-7.53509541001101,-0.475641308979412,-0.475582869362198,-0.260767923643711,1.06177159589038,1.544515440108,25.7929781761836,26.2932756880375,26.29330604745,45.0209398388502,47.6857738694446,47.6864980192204,49.9397717238412,50.1075098755918,63.3246350663983
10,-7.35670780031783,-0.470873455228941,-0.47081510904457,-0.204627993745503,0.972812284453987,1.57800905844011,25.2533560231491,25.7378008997506,25.737837308399,45.3029612839546,48.524733779496,48.5254555206759,49.2589964790053,49.2618482422021,65.3460958179607
11,-7.16026181697118,-0.463719634358763,-0.46366138031393,-0.142767847951496,0.874712248198677,1.61414036915718,24.734256964407,25.1575790945946,25.1576205607389,45.6205314556681,48.3696297097964,48.6130439365652,49.4090831883143,49.4098074893588,67.3334582889582
12,-6.94674791322989,-0.453649084554834,-0.453590918501502,-0.0754795376736095,0.76793058248833,1.6526758551635,24.2445517517108,24.5585742809468,24.5586198502125,45.9743520498967,47.4433382185614,48.0222884748194,50.3285938771882,50.3293192553022,69.2010254641314
13,-6.71728883030356,-0.440112864732937,-0.440054779611307,-0.00308405477099709,0.652980631013522,1.69348159227719,23.7902859625045,23.9459226619339,23.9459714539143,46.3651458540396,46.4947760137622,47.5018073440426,51.2735595737768,51.274287907483,70.8634364099562
14,-6.47316982282278,-0.422553208647723,-0.422495194506553,0.0740694376520511,0.530429711935162,1.73657866398555,23.324046356843,23.3240975845079,23.3750964893653,45.5348604323685,46.7936360694919,47.0609920896024,52.2347828218957,52.2355154831242,72.2422536202208
15,-6.21588077338416,-0.400413022492939,-0.40035506661396,0.155604547489324,0.400898030308462,1.78221215951583,22.696752997475,22.696805964367,23.0007400089203,44.5734670257436,46.7037288848722,47.2605244578892,53.2035949207219,53.2043330955986,73.2721832076933
16,-5.94716877924758,-0.373145417848794,-0.373087505119937,0.241118789572959,0.265056681464041,1.83093296867369,22.0673195067608,22.0673736131442,22.6676601474497,43.6193426928753,46.4290270493906,47.7664553666826,54.171896107318,54.172640826747,73.9056924097225
17,-5.66909876268744,-0.340223194686673,-0.340165308846606,0.123624688837838,0.330184934474937,1.88368987134357,21.4385623372804,21.4386170681718,22.3755078606292,42.680073880575,46.2318843410247,48.3119894738699,55.1322077273702,55.1329598754933,74.1153282353681
18,-5.38411869386963,-0.301148217503162,-0.301090347039599,-0.0226349333467606,0.422352586871573,1.94192740727681,20.8128974275532,20.8129523448099,22.1235493013265,41.7621001681924,46.1042415117328,48.8975579082368,56.0777259708652,56.0784862910084,73.8937129671285
19,-5.0951240554948,-0.25546066143764,-0.255402879279396,-0.172919992774851,0.517150006687132,2.00768203737746,20.1923929788185,20.1924477118318,21.9109323063086,40.8707629367325,46.0358725666753,49.5234164892023,57.002368366816,57.0031374677546,73.251710399987
20,-4.80551203303737,-0.326395540574944,-0.202748144145102,-0.202690015629519,0.614086181715298,2.08366428612418,19.5788174111246,19.5788716477319,21.736817819979,40.010379352086,46.0151396223806,50.1895912618398,57.9008066493854,57.9015850123191,72.2154806414824
21,-4.51920886732668,-0.482198503919516,-0.142654802827027,-0.14259665009565,0.712653154915438,2.17330728710328,18.9736841081577,18.9737375862113,21.6004041104305,39.1843329753444,46.0295779965721,50.8958165960841,58.768482222646,58.7692702088999,70.8231011796569
22,-4.24064448308649,-0.639447191825772,-0.0748904236852281,-0.074832152671106,0.812328603207652,2.28075302860846,18.3782939378983,18.3783464376845,21.5008776904596,38.3951736764693,46.0663081732075,51.6414656531643,59.6016028506004,59.6024007102387,69.1212516316285
23,-3.97464026411095,-0.797247125586089,0.000760217329907312,0.000818658365763889,0.912578657539348,2.41073985121974,17.7937761042061,17.7938274417704,21.4373198670784,37.6447209701158,46.1122777530944,52.4254734370407,60.3971211569396,60.3979290395783,67.1622650016488
24,-3.72617617541492,-0.954699193532893,0.0844275887642629,0.0844862499955074,1.01286094652325,2.56835572914137,17.2211276319754,17.2211776533313,21.4085878489252,36.9341662760679,46.1543140570355,53.2462531402247,61.1526969376802,61.1535149147551,65.0017197682065
25,-3.50002300434156,-1.11090726161068,0.176146941839537,0.176205876409437,1.11262783838573,2.75864209260948,16.6612516801204,16.6613002562818,21.4131791442653,36.2641708476249,46.1789003569751,54.101607136889,61.8666459480475,61.8674742981201,62.6967231943317
26,-3.30027097621277,-1.2649856158338,0.275846823059123,0.27590608832966,1.21132984869263,2.98607895531024,16.1149948710075,16.1150418937712,21.4490804757224,35.6349571680114,46.1714301632705,54.9886347829305,60.3051480494567,62.537880905876,62.5387184955367
27,-3.12984674602463,-1.41606603394882,0.383336175138603,0.383395833202668,1.30841917474715,3.25404314043041,15.5831838832193,15.5832292616257,21.5135991384603,35.046392476502,46.1143226446943,55.9036400240323,57.8864481414309,63.1658392965931,63.166686667325
28,-2.9901519503186,-1.56330434008153,0.498289591486014,0.498349709378408,1.40335331209761,3.56437255023291,15.0666616422538,15.0667052996714,21.6031765822253,34.4980637611319,45.9824950514619,55.5055207527448,56.8420461213399,63.7504180666459,63.7512748780461
29,-2.88093842908792,-1.70588633143763,0.620230260431581,0.620290910108174,1.49559870463045,3.91715095416176,14.5663235287231,14.5663654005268,21.7131919315188,33.9893440634575,45.7327816631862,53.2430197383648,57.7983089633708,64.2918984901599,64.2927644011039
30,-2.80045362947052,-1.84303300242725,0.748510147491808,0.748571405537162,1.58463437757132,4.310745370818,14.083154070727,14.0831941025764,21.8377781166902,33.5194503075002,45.2827263606366,51.2165693220799,58.7658686033537,64.7908768701154,64.791751494783
31,-2.74579154972107,-1.97400502750105,0.882287054502506,0.882349001467055,1.66995550256606,4.74202870171317,13.6182645507933,13.6183026975602,21.9696955164657,33.0874931153971,44.4965735787703,49.5949817754381,59.7371027631599,65.2481974392354,65.2490803465058
32,-2.71332943547517,-2.09810649740506,1.0204984254152,1.02056114462982,1.75107684594014,5.20666332824992,13.1729317718832,13.1729679973335,22.1003353046595,32.6925192303487,43.2797493627696,48.5039841426771,60.703327313337,65.6648896727978,65.6657803898914
33,-2.69913869268707,-2.21468793279901,1.16183223727059,1.16189581292921,1.82753605515424,5.69932726999008,12.7486377924879,12.7486720698846,22.2199496421903,32.3335472544063,41.7400624425681,47.8650471011484,61.654835591169,66.0421107481929,66.0430087648482
34,-2.69930511460566,-2.32314862313789,1.30469616409676,1.30476067833915,1.89889674416687,6.21380839852944,12.3471096150823,12.3471419289422,22.3182133638672,32.0095974423839,40.0800652936825,47.5026860913084,62.580989635745,66.3810935572995,66.381998329711
35,-2.71014200158053,-2.42293835687317,1.44718761962269,1.44725314830491,1.96475134551789,6.74293839102832,11.9703564077136,11.9703867570027,22.385190569447,31.7197162883841,38.4384047460692,47.3022899807077,63.4703702427897,66.6831003962694,66.6840113504846
36,-2.72831012913199,-2.51355862137471,1.58706947565684,1.58713608249707,2.02472370498462,7.27836882548327,11.6206996527717,11.6207280558342,22.4126927450437,31.4629966097617,36.8876960805045,47.210973018334,64.3109903150069,66.9493822475762,66.9502987820572
37,-2.75086981061074,-2.59456335788145,1.72175933682112,1.72182706571265,2.07847140308953,7.81021091776322,11.3007885314341,11.3008150328606,22.3958806052863,31.2385937839157,35.4667905709522,47.203810705692,65.0905719112055,67.1811434249611,67.1820649117585
38,-2.77528988009267,-2.66555935889689,1.84834404136188,1.84841290694258,2.1256877959847,8.32658450477582,11.0135890559958,11.0136137353674,22.3348257327365,31.0457387329594,34.1991811997047,47.2641322250319,65.7968820972448,67.3795112633796,67.3804370465753
39,-2.79943338268738,-2.72620639352622,1.96363466995309,1.96370464713445,2.16610377577175,8.81317294967288,10.7623318385256,10.7623548204369,22.2356709581962,30.8837481851536,33.1012390082479,47.3746681243123,66.4181165444836,67.5455104932183,67.5464398809312
40,-2.82153407293676,-2.77621714112717,2.06427874111528,2.06434975537436,2.19948925675719,9.25297918137423,10.550401972612,10.550423436538,22.1110230923324,30.7520326735757,32.1856856720209,47.5145408698986,66.9433134305702,67.6800419341744,67.6809741721245
41,-2.84017286731292,-2.81535700608427,2.1469421250593,2.14701404745993,2.22565439968196,9.62662276542428,10.3811586336656,10.3811788212287,21.9792171436605,30.6501026642751,31.4628279083379,47.659733485012,67.3627744058448,67.7838651884332,67.7847993663599
42,-2.85425930104283,-2.84344387720455,2.20855993181992,2.20863259087946,2.24445059501253,9.91363408229926,10.2576852539725,10.2577044703776,21.8620853344129,30.5775731395852,30.9407612570162,47.7857131164687,67.6684650141244,67.8575852460331,67.8585198525806
43,-2.86301968935274,-2.86034788472995,2.24663229965338,2.24670562053642,2.25577131841497,10.0950811032275,10.1824943477265,10.1825129536893,21.7810479046107,30.5341668981121,30.6252566375464,47.8710981662393,67.8543623211715,67.9016459169081,67.9025745681115
44,-2.8659911967045,-2.86599119670443,2.25947849220238,2.2595882638581,2.25958826385811,10.1572290554746,10.1572566557919,10.1572566557919,21.7520561833665,30.5197167713929,30.519716771393,47.9012886056031,67.9158222857283,67.9172297352377,67.917229735238
45,-2.86247862459559,-2.86121076866615,2.24277643483908,2.24713459854374,2.26030671520363,10.1297499811344,10.1489874438451,10.1815333101474,21.7802342151205,30.5555890169267,30.5992765628551,47.8714352348499,67.8291791446206,67.903298970967,67.9302493159794
46,-2.85192219826799,-2.84700012579747,2.19303921526424,2.21016892363023,2.2626730363413,10.048424346526,10.1245163185547,10.253704856968,21.8622736109257,30.6637598357029,30.8364271816128,47.7774277062872,67.5663594988422,67.8705156710373,67.9719716324454
47,-2.83426645209105,-2.82375489925091,2.11236922549673,2.14950679216764,2.26659113454787,9.91650427133185,10.0848017357576,10.3718058685322,21.9909236137918,30.8459558238198,31.2267486759752,47.607026619478,67.1327300346973,67.8395582849043,68.0412247473291
48,-2.80942112304096,-2.79214746817052,2.00378053816146,2.06656531908749,2.27202214709665,9.73886826318622,10.0312957792255,10.5328815217148,22.1548653660583,31.1052185565319,31.7633739928262,47.3435163677697,66.5347673116601,67.8409726927281,68.1375447689281
49,-2.7772643015263,-2.75314847869902,1.87094737641784,1.96332570677744,2.27891227507756,9.52140636796172,9.96579543549766,10.7333375015982,22.3398194974735,31.4459809693249,32.4375754560194,46.9709486570492,65.7812875971815,67.9078773991371,68.2602879390085
50,-2.73764661678379,-2.70806027058204,1.71784445267013,1.8423425069509,2.28719317235595,9.27039459990068,9.89032359584463,10.9692963180558,22.5300070024725,31.8738744743425,33.2393430864181,46.4801446364237,64.8832091685951,68.0681163647364,68.4086193307115
51,-2.69039625670836,-2.65856359075348,1.5484524272823,1.70676626851201,2.29678254220018,8.99198121511408,9.80705452882977,11.2368871114406,22.709831192133,32.3950798136296,34.157846542968,45.8733745493459,63.8532647847165,68.3377937975864,68.5815068543328
52,-2.63532459762067,-2.60677621520124,1.36655418803699,1.56037761366207,2.30758487021368,8.69183499687762,9.71826324420386,11.5324429032575,22.8655415854227,33.0151287118248,35.1817368438403,45.1658494732218,62.7056765522007,68.718570546698,68.7777194617605
53,-2.57223221392707,-2.55531613712992,1.1756178973518,1.40762103489375,2.31949228541555,8.37495257771294,9.62626597829082,11.8526089089884,22.9865511861107,33.7371137932848,36.2992980358902,44.3839293146598,61.4558067586138,68.9957905441628,69.199442363404
54,-2.5073509591928,-2.50091505006849,0.978747658687806,1.25361407393011,2.33238554471549,8.04559231084946,9.53333247793372,12.1943805202199,23.0661109629305,34.5589477951723,37.4984889303433,43.5622524575289,60.119798921717,69.234086612972,69.7614540492891
55,-2.46659715395449,-2.42117056539374,0.778679524519377,1.10409157501377,2.34613513554378,7.70729397104105,9.44157523810663,12.5550925704299,23.1012410939664,35.4678811272314,38.766923134185,42.7439873642042,58.714223312717,69.4907152553191,70.3833183740987
56,-2.43720930604232,-2.33280370378615,0.577803872815964,0.965226015320315,2.36060249026135,7.36294801358744,9.35283880837539,12.9323780512154,23.0920773934978,36.4254262070166,40.0918303708513,41.9925300638277,57.2557405940148,69.7635753597742,71.0458953040831
57,-2.42348299541777,-2.23563259141893,0.378200487527724,0.843253672436127,2.37564130460014,7.01488739789479,9.26861511154687,13.3241089674672,23.0409505564227,37.3189094769978,41.4385761622791,41.4600312965631,55.7607960511198,70.0503434576542,71.7350994510453
58,-2.42931820275313,-2.12949392649517,0.181677610539846,0.743862673498473,2.39109895086635,6.66498435231922,9.1900009952978,13.7283268861596,22.9515038833107,37.8580441098281,41.3835132276139,42.8579464389806,54.2453553059653,70.3484779841333,72.4433447553134
59,-2.45749299762473,-2.01424809516368,-0.0101900465457283,0.671401745551136,2.40681797502835,6.31474193629989,9.11770024961274,14.1431667757728,22.8280307509165,37.7728225355703,42.1020024809175,44.2716496219957,52.7246905054187,70.6552272532174,73.1700693288708
60,-2.5089657494186,-1.88978413278901,-0.196026858861456,0.628134355086722,2.42263766515783,5.96537549235969,9.05206134884728,14.5667749832235,22.6750771024014,37.281321402958,43.3745098561373,45.6869678777531,51.2132239216529,70.967642407832,73.9218614091286
61,-2.58252641734932,-1.75602476066576,-0.374626426036508,0.613861644570363,2.43839567704618,5.61788243492328,8.9931372352992,14.9972204070613,22.4972661087333,36.6471507307245,44.9296777682342,47.0896232964747,49.724433857304,71.2825960857085,74.7125438246138
62,-2.67499500805894,-1.61293188770013,-0.544926452291852,0.626111916146865,2.45392970123952,5.27310084390983,8.94075382475546,15.4323968543747,22.2992683983935,35.9761463437849,46.6468094586222,48.2708158797315,48.4654172861117,71.5968073784162,75.5633488604059
63,-2.78186671142694,-1.46051321834041,-0.705988093089787,0.660793788283417,2.46907915428072,4.93175853547225,8.89457722891637,15.8699140978613,22.085843137238,35.3070299924565,46.8639626520445,48.4638622064325,49.8003822569373,71.9068734685415,76.5030289487166
64,-2.89809160931661,-1.29883103864912,-0.856979297350568,0.712997702786352,2.4836868756791,4.59451510946245,8.85417373106317,16.3069753625859,21.8618928127922,34.6561292215746,45.5145810321455,50.3313189998809,51.0810665553821,72.2093080831077,77.5673455251433
65,-3.01870892238839,-1.12801505774321,-0.997161588545784,0.777662578227277,2.497600811103,4.26200033620567,8.81905996651585,16.7402402234882,21.6324952766687,34.03177305497,44.2327303358214,52.1972785765439,52.2946504338405,72.5005866000415,78.7968306603481
66,-3.1392266358179,-1.12588008107631,-0.948282337297201,0.84999574594712,2.51067566155999,3.93485366501951,8.78874304028198,17.1656748970871,21.4028946617985,33.4394284562253,43.0279943646812,53.4291594299563,54.0041564927057,72.7771972972532,80.2312101669493
67,-3.25577724881898,-1.24255492432751,-0.75997203918656,0.925674669665354,2.52277447793784,3.6137725360296,8.76275147936075,17.5783978054562,21.1784463825398,32.8838434170772,41.9097327556675,54.4736045572805,55.6921064834183,73.0356978561475,81.8990611565311
68,-3.36513094420948,-1.34667649902805,-0.563605241033273,1.00090966651463,2.53377018026059,3.29958359862957,8.74065821283705,17.972538569491,20.9645204819438,32.3700416539161,40.8873342545715,55.4180944584454,57.2071586706757,73.2727758447709,83.8030944874644
69,-3.46463931762498,-1.43780054587799,-0.360001537261372,1.07243844154142,2.54354698138842,2.99336603274055,8.7220965051574,18.3411445482548,20.7663727593208,31.9037599539591,39.9704364261885,56.253910594239,58.5104706989894,73.4853115375343,85.9048471565997
70,-3.55215727662275,-1.51554544140144,-0.150516356128987,1.13749714979088,2.55200169566925,2.69669420242469,8.70676925301521,18.6761902072341,20.5889953318082,31.491525978027,39.1690486795092,56.9735470157919,59.583729455835,73.6704411092116,88.1151217279809
71,-3.62596858910188,-1.57959020952922,0.0624290579511938,1.19379001885606,2.41217107112308,2.55904491422685,8.69445162831817,18.9687655700387,20.4369585732124,31.1404474482045,38.4934949282283,57.5707196041568,60.4278493360045,73.8256180022993,90.2953952543196
72,-3.68472631664694,-1.62967325702788,0.274042692394826,1.23946531515148,2.14473539227552,2.56460203013357,8.68498704846476,19.2095263608566,20.3142556360053,30.8577573186799,37.9540865188469,58.0403521166241,61.0564440268821,73.9486701378617,92.2715239774321
73,-3.72741121545345,-1.6655916109845,0.473623693025415,1.27309832005359,1.90520117717787,2.56861409863145,8.67827712611312,19.3894559736261,20.2241596233735,30.6501787408396,37.5604693596472,58.3785477894054,61.4879285767592,74.0378506434326,93.8578101442545
74,-3.75330660182167,-1.68720049149691,0.634967149578177,1.29367956243467,1.71985373400376,2.57103851980158,8.6742675547659,19.5008958903129,20.169102213615,30.523210769054,37.3206836477158,58.5825555452153,61.739179303013,74.0918799205905,94.8876440565135
75,-3.7619856884805,-1.69441309371487,0.702830980911172,1.30060671019685,1.6439832373028,2.57184953358732,8.67293334038871,19.5386565464511,20.1505811360716,30.4804676963369,37.2401202510875,58.6507390939959,61.8215998855967,74.1099771700473,95.2448393568945
76,-3.766739665649,-1.69141574010743,0.669039144999398,1.30169171481607,1.64307539337426,2.5619534899042,8.73061970676027,19.5574581847013,20.1661857805863,30.516198735298,37.2534907712843,58.6473222786153,61.7755676873475,74.0453884477502,95.1976512731067
77,-3.78155799477873,-1.68245053265839,0.573270200274466,1.30321646415589,1.64037199843966,2.53246496968889,8.90047559923682,19.6136554172251,20.2129437265405,30.6235705525809,37.2935604214474,58.6369525471107,61.6384440838237,73.851946558985,95.0540792084714
78,-3.80809510631468,-1.66759792594575,0.429093969406835,1.30221551878446,1.63593265366404,2.48397237849667,9.17390277936229,19.7066356571611,20.2906872919679,30.8031036727393,37.3602015194406,58.6192743434646,61.413100384435,73.5306347877003,94.8081311980164
79,-3.84903745295535,-1.64699165286791,0.253006371618305,1.29707070910286,1.62985404987047,2.41742290855442,9.53930012468021,19.8354115068725,20.399137837365,31.0556134934228,37.4531947796909,58.5937028393806,61.104167259411,73.0831261933788,94.4499427643579
80,-3.90792272607717,-1.62081816596989,0.0616856833410099,1.28758567585232,1.62226618255408,2.33407649289594,9.98455296030781,19.9986669023696,20.5379066464139,31.3821312762105,37.5722196666529,58.559435922782,60.7178162656407,72.5118329409378,93.9660189188385
81,-3.9887535148078,-1.58931581329899,-0.129384818375331,1.27425584000357,1.61332739707131,2.23544880084477,10.4987454357077,20.1948141560222,20.7064954448562,31.7837918692991,37.7168410553325,58.5154716536631,60.2614803301108,71.8199711894803,93.3396851356284
82,-4.09533846283434,-1.55277370947947,-0.306935815271594,1.25781340244559,1.6032185663875,2.1232489261024,11.0729479986368,20.4220561304235,20.9042958776924,32.2616863196041,37.8864923939212,58.4606318350728,59.7435365359307,71.0116372245217,92.5518457276682
83,-4.23041432084033,-1.51153025529718,-0.460795791603091,1.23905882967486,1.5921367376396,1.99931706818163,11.7003343352486,20.6784480688265,21.1305871142339,32.8166767826908,38.0804556604406,58.3935924945882,59.1729769129786,70.0918891601842,91.5821533105957
84,-4.39480025485752,-1.46597125451521,-0.584542636682564,1.21882150176818,1.58028858911544,1.86556648426841,12.37592854145,20.9619545512608,21.384530625096,33.4491703538452,38.2978385312413,58.3129221857447,58.5590924840812,69.0668272185995,90.4106749017903
85,-4.58695556710833,-1.41652757544311,-0.675675077879362,1.19796147237941,1.56788401896946,1.72393263168078,13.0961853852907,21.2704982914111,21.6651610756982,34.1588478598276,38.5375493381997,57.911192905403,58.2171290861648,67.9436644581855,89.0200873994487
86,-4.80317057331569,-1.36367230739772,-0.735147118607918,1.1773778185976,1.55513014646344,1.57633104688319,13.8585080601719,21.6019987097648,21.9713722091262,34.9443436614042,38.7982705852753,57.2383797369361,58.1047178724365,66.7307790766879,87.39833756872
87,-5.0382768512339,-1.30791736889452,-0.766408442257055,1.15801129204507,1.42462433674493,1.5422259524418,14.660750455394,21.9543991765705,22.3018965530093,35.8028734710681,39.0784320222513,56.549387421224,57.9742572694945,65.4377393114148,85.5415581362172
88,-5.28651996449681,-1.249809535284,-0.774311148611333,1.1408359906318,1.27059780026168,1.52935772497993,15.50072936639,22.3256823857222,22.6552777934263,36.7298088048111,39.3761845281563,55.852504825987,57.824458977415,64.0752927659985,83.456861392981
89,-5.54227288481829,-1.18992586839171,-0.764196863284552,1.11594247637197,1.12683647438441,1.51669541479202,16.3757708949154,22.7138734585443,23.0298347379025,37.7181968418132,39.6893763276044,55.1555951220627,57.6542683376586,62.6553139458419,81.1644833314811
90,-5.80046211799884,-1.12886854905897,-0.741282108471903,0.962245537515354,1.1169657401721,1.5043899478239,17.2823211055552,23.1170300985695,23.4236159789575,38.7582171604793,40.0155333318655,54.466248432472,57.462966572885,61.1907070251302,78.6986986462655
91,-6.05673831823198,-1.06725913450289,-0.710302913808311,0.810983291202126,1.11208550869079,1.49257149270224,18.2156539561702,23.5332184587198,23.8343447293201,39.836538988023,40.3518456371603,53.7921407330072,57.2502836690977,59.6952653827124,76.1070423665259
92,-6.3074819582387,-1.00573228503423,-0.675327235989284,0.663520999700082,1.11288526223051,1.48134864006572,19.1697034848601,23.960472374971,24.2593539149002,40.6951623920243,40.9354692739177,53.141755221792,57.0165199048822,58.1834950107293,73.447681547849
93,-6.54972635210964,-0.944929027568618,-0.639660598052428,0.521113171994982,1.11979376808609,1.47080841969923,20.1370306031209,24.396732299613,24.6955125957348,41.0419973237037,42.0316200965015,52.5257894177439,56.6704150673084,56.7626725963638,70.7852138531079
94,-6.78105179978674,-0.885489645091198,-0.605807253781164,0.384906440238742,1.13289620537268,1.46101705931834,21.1089110597922,24.8397586932479,25.1391462805483,41.3885471464754,43.0935200723761,51.9598786220048,55.1713549410465,56.4905627344364,68.1855733880337
95,-6.99947974865227,-0.828046300337258,-0.575478158607693,0.255943334229258,1.15187873620411,1.45202137470693,22.0755075206291,25.2870129642574,25.5859558669217,41.7307248191713,44.0772233011615,51.4696480150918,53.7017723564404,56.2029537576171,65.7109187487998
96,-7.20338007441597,-0.773215517134535,-0.549648651845924,0.135166518893289,1.17601862716159,1.44385067329041,23.0260731999023,25.7354976749643,26.0309429206493,42.0642091386641,44.9196289987839,51.098471154539,52.2771202188858,55.9036516708922,63.4152647129742
97,-7.39139598925273,-0.721590653111053,-0.528664549647595,0.0234230848618722,1.20422697410505,1.4365190506774,23.9491319896512,26.1815475813394,26.4683528604985,42.3845114294522,45.5361263103048,50.9114121573832,50.9128117808147,55.5975721184834,61.3412579512427
98,-7.56238675459638,-0.673734502206069,-0.512383590613528,-0.0785313921144552,1.2351359878031,1.43002796088611,24.8325909137797,26.6205660638079,26.8916521676888,42.6870591194804,45.8479075157118,49.6241511494341,50.9702220885217,55.2907560884407,59.5181147929186
99,-7.71538627313492,-0.630172164528592,-0.500330032036535,-0.170029202249964,1.26721151173506,1.42436894477208,25.6637627789333,27.0467113196588,27.2935603751508,42.9672948139822,45.8479959973719,48.4267013251637,51.2696764660001,54.9903123232648,57.9606289026046
100,-7.8495747034805,-0.591384314955263,-0.491839647538151,-0.250487358200751,1.29886895670011,1.41952640676501,26.4293094999069,27.452559510518,27.6661609610702,43.2207881647102,45.6185377693126,47.3362930091302,51.7227857804581,54.7042625621858,56.6694393272683
101,-7.96426000727363,-0.557800991278638,-0.486179525033006,-0.3194049867891,1.32857619142268,1.41548033687213,27.1151634803823,27.8288161618046,28.0011150684556,43.443356491562,45.2666053931532,46.3693774064794,52.2257652563765,54.4412676590428,55.6330919367533
102,-8.05886656092262,-0.529796008827402,-0.482636850022719,-0.376361239004863,1.35493535445701,1.41220888275546,27.7065500951292,28.164217850309,28.2899950622126,43.6311888882935,44.8788249491467,45.5431079571695,52.7020350624875,54.2102213659398,54.8322604292381
103,-8.13292845882785,-0.507682092585737,-0.480578684396392,-0.421013670789859,1.37674267345983,1.40969068551464,28.188308892652,28.4458504067612,28.5247382938599,43.7809675909676,44.5177734907916,44.8750676047385,53.1015595700313,54.0197169262203,54.2462622445886
104,-8.18608573426567,-0.491706801202261,-0.479488824677809,-0.453097026670457,1.39302939912988,1.40790690271536,28.5457445714464,28.6601475363601,28.698194256451,43.8899798589192,44.2284531475132,44.3823398884542,53.3816710726005,53.8670729168264,53.8774201137557
105,-8.21808229479564,-0.482049300987325,-0.478988749710916,-0.472422272326152,1.40308822931423,1.40684285336363,28.7661298927056,28.7947040536833,28.8047047699548,43.9562136339104,44.0422352068562,44.079775422427,53.4600281229416,53.7426136037341,53.7894165279684
106,-8.22876483185953,-0.478906349265099,-0.478818032799947,-0.478818032799934,1.40648923204977,1.40648923204978,28.8406277015014,28.8406277015014,28.8406601844209,43.9772913976857,43.9784308680302,43.9784308680304,53.4298400234182,53.7596298483378,53.7596298483382
107,-8.21810090764305,-0.481018920857938,-0.481018920857932,-0.471431091834074,1.40497015392244,1.40497015392248,28.7632682076302,28.8012518699656,28.8012518699656,43.9852399121389,43.985239912139,44.1073510086679,53.4737113102219,53.7592289602375,53.7592289602377
108,-8.18616144964212,-0.487667932292795,-0.487667932292788,-0.449033777079378,1.40051216213074,1.40051216213079,28.5386156523818,28.6829039779347,28.6829039779348,44.0066153920342,44.0066153920343,44.4842695306991,53.6111955571845,53.7588645624961,53.7588645624963
109,-8.13310239736533,-0.498899741865587,-0.498899741865585,-0.411799395778757,1.39340724424176,1.39340724424182,28.1864587805631,28.4850846788854,28.4850846788855,44.0452975509055,44.0452975509056,45.0698101549035,53.760899279917,53.760899279917,53.8609585403187
110,-8.05918039056642,-0.514924189236675,-0.514924189236672,-0.359868284331103,1.38412297043605,1.38412297043608,27.7324377525775,28.2074646590424,28.2074646590424,44.1055109844822,44.1055109844824,45.8038712410468,53.7688021226453,53.7688021226457,54.257047040584
111,-7.96474820349757,-0.5360042748804,-0.536004274880394,-0.293434009327894,1.37327419885479,1.37327419885485,27.2020848433274,27.8505157191816,27.8505157191817,44.1924819296778,44.1924819296779,46.6079679949302,53.7865676723047,53.786567672305,54.8502994352443
112,-7.85024904066582,-0.562425668226667,-0.562425668226665,-0.212740137275566,1.36158448945935,1.36158448945941,26.6173467604333,27.4161679764986,27.4161679764986,44.3118414510129,44.3118414510131,47.3935030728372,53.8181064161505,53.8181064161509,55.7020128115195
113,-7.71621045657448,-0.594459002252204,-0.594459002252194,-0.118075667199932,1.34983904958459,1.34983904958462,25.9955014695394,26.9083219248302,26.9083219248303,44.4690099837909,44.469009983791,48.0815647898853,53.8667299666192,53.8667299666196,56.8633119274419
114,-7.56323893251878,-0.632317605484768,-0.632317605484754,-0.00976891458796117,1.33883238051338,1.33883238051342,25.3494582742758,26.3330778799064,26.3330778799064,44.6686714286433,44.6686714286434,48.6271559747024,53.9348114778262,53.9348114778265,58.3484983126345
115,-7.39201636493238,-0.676114821363191,-0.676114821363189,0.111820299579789,1.32931518837691,1.32931518837696,24.688580254248,25.6986226167025,25.6986226167026,44.9144216197175,44.9144216197177,49.0257047000616,54.0236447944351,54.0236447944353,60.1257100944131
116,-7.2032998056821,-0.725826123625322,-0.725826123625315,0.246310191727196,1.32194603499475,1.32194603499479,24.0195632520491,25.014805811826,25.014805811826,45.2086239073984,45.2086239073985,49.2974163856652,54.1334770346272,54.1334770346275,62.1302861453114
117,-6.99792566026117,-0.781261272444297,-0.781261272444283,0.393308211524943,1.31725309110616,1.31725309110619,23.3471907564345,24.2925112553105,24.2925112553106,45.55244833977,45.5524483397701,49.4686385341567,54.2636614061431,54.2636614061434,64.282447650736
118,-6.77681915545953,-0.842050484903597,-0.842050484903583,0.552423746628763,1.31560996585489,1.31560996585492,22.674926438723,23.5429567914849,23.542956791485,45.9460341122229,45.946034112223,49.5624598246254,54.412871405074,54.4128714050741,66.4976889897714
119,-6.54100927827141,-0.90764625925651,-0.907646259256502,0.72328223372464,1.31722718940494,1.31722718940497,22.0053602892997,22.777042934931,22.777042934931,46.3887062020335,46.3887062020336,49.596805781673,54.5793272758843,54.5793272758844,68.691914980827
120,-6.29164869553603,-0.977339811693488,-0.977339811693461,0.905540742261157,1.32215824385406,1.32215824385409,21.3405374071925,22.0048303587088,22.0048303587088,46.8791898908911,46.8791898908913,49.5854799555174,54.7610016901499,54.76100169015,70.7856569461025
121,-6.03003756292149,-1.05028889754293,-1.05028889754292,1.09890535479583,1.33031690343183,1.33031690343188,20.6821963574886,21.2351814704523,21.2351814704524,47.4157885978113,47.4157885978115,49.5397242241644,54.9557872034638,54.9557872034643,72.7089504449048
122,-5.75764975174048,-1.12555265167101,-1.125552651671,1.30315091339628,1.34150159399763,1.34150159399768,20.0319380951671,20.4755649855022,20.4755649855022,47.996510854946,47.9965108549463,49.4695346612094,55.1616198459224,55.1616198459224,74.4063013982961
123,-5.47615987029203,-1.20212906764074,-1.20212906764073,1.35542256051186,1.3554225605119,1.51814379774197,19.3913409633301,19.7319998704147,19.7319998704147,48.6191465638442,48.6191465638444,49.3846212297808,55.3765605969098,55.3765605969103,75.8404143154644
124,-5.18746939685894,-1.27899152383767,-1.27899152383763,1.37172849616224,1.37172849616227,1.7438682120897,18.7620332502031,19.0091051751227,19.0091051751227,49.28130044453,49.2813004445302,49.2950706523923,55.5988402938033,55.5988402938036,76.9935847720164
125,-4.89373004391345,-1.3551218995617,-1.35512189956169,1.39003046157345,1.39003046157348,1.98045588469302,18.1457320869955,18.3102213903967,18.3102213903967,49.2117896142841,49.9803934806932,49.9803934806936,55.826874902896,55.8268749028963,77.8663981196814
126,-4.5973619102671,-1.42953892740425,-1.42953892740424,1.40992202020731,1.40992202020734,2.22821807865711,17.5442556308777,17.6375731855004,17.6375731855004,49.1467903112859,50.7136431580871,50.7136431580874,56.05925806884,56.0592580688406,78.4741828131949
127,-4.30106293134523,-1.5013212952118,-1.5013212952118,1.43099533306344,1.4309953330635,2.48767740212236,16.9595140960898,16.992449732748,16.9924497327481,49.1133655867879,51.4780319149149,51.4780319149151,56.2947371957252,56.2947371957255,78.8421937800643
128,-4.00780468818809,-1.56962559152609,-1.56962559152608,1.45285345207439,1.45285345207443,2.75959521634461,16.3753854328329,16.3753854328329,16.3934840331529,49.1261913215578,52.2702713532299,52.2702713532302,56.5321785025387,56.5321785025392,79.0006104922782
129,-3.72080813477064,-1.63369952274921,-1.6336995227492,1.47511928275599,1.47511928275604,3.04498876539716,15.7863297215355,15.7863297215355,15.8481692501635,49.2013860656359,53.0867676686019,53.0867676686022,56.7705259744948,56.770525974495,78.9802017814721
130,-3.4434919155838,-1.69289098882519,-1.69289098882518,1.49744174016671,1.49744174016676,3.34513101271018,15.2247993629265,15.2247993629265,15.325550995648,49.3565470882439,53.9235909561375,53.9235909561376,57.0087596625337,57.0087596625341,78.8091225553818
131,-3.17938660707429,-1.74665365227734,-1.74665365227734,1.51949957860762,1.51949957860764,3.66152631098828,14.690010163593,14.690010163593,14.8275296315969,49.610762917843,54.7764450533315,54.7764450533316,57.2458629026947,57.2458629026949,78.5109422304695
132,-2.932011403045,-1.79454962042928,-1.79454962042927,1.54100329344617,1.54100329344621,3.99585722095506,14.1809875012339,14.1809875012339,14.3558601890089,49.9845696394681,55.6406132572644,55.6406132572646,57.4808278011516,57.4808278011518,78.1037567559709
133,-2.70471598712667,-1.83624981241385,-1.83624981241385,1.56169540921567,1.56169540921569,4.34990235161565,13.6966566440101,13.6966566440102,13.9120850513519,50.4997649413224,56.5107354179478,56.5107354179482,57.71284685227,57.7128468522706,77.6001198628089
134,-2.5004989677658,-1.87153251842945,-1.87153251842945,1.58134940091083,1.58134940091085,4.72543125071616,13.2359147489918,13.2359147489918,13.4974686062635,51.1789108152731,57.378931433595,57.3789314335952,57.9431778632673,57.9431778632674,77.0075107986176
135,-2.32182309716853,-1.90028058852175,-1.90028058852174,1.59976745351343,1.59976745351347,5.12408786120153,12.7976868531364,12.7976868531364,13.1129409955078,52.0442314997123,58.1154994137471,58.1154994137473,58.2944550268771,58.2944550268773,76.3290883779478
136,-2.17045319509322,-1.92247761799538,-1.92247761799537,1.61677725073023,1.6167772507303,5.54727549435683,12.3809682600751,12.3809682600751,12.7590609956839,53.1154407205116,58.3547429855255,58.3547429855256,59.1248917254426,59.124891725443,75.5645256076799
137,-2.04734217392794,-1.93820343055456,-1.93820343055455,1.63222799754059,1.63222799754061,5.99605044857344,11.9848555976379,11.984855597638,12.4360117242334,54.4058307078265,58.556071369295,58.5560713692953,59.9672304939842,59.9672304939846,74.7107511723562
138,-1.95258280846701,-1.94762910151808,-1.94762910151805,1.64598592129859,1.64598592129862,6.47101655746862,11.6085685603156,11.6085685603157,12.143648401165,55.9158233442486,58.7415218695864,58.7415218695868,60.7912886217281,60.7912886217284,73.76243396718
139,-1.95101171415787,-1.95101171415785,-1.88542980084892,1.65792956116897,1.65792956116902,6.97218782088423,11.2514640178889,11.2514640178889,11.8816289200413,57.623398441052,58.9094352032691,58.9094352032697,61.5903663014918,61.590366301492,72.7120406433385
140,-1.94868900360193,-1.94868900360191,-1.84438218864608,1.66794524297989,1.66794524297993,7.49874313252883,10.9130438071278,10.9130438071278,11.6496888788437,59.0566406322988,59.0566406322995,59.471938181189,62.3591571038456,62.3591571038458,71.5493129324304
141,-1.94107401486508,-1.94107401486507,-1.82730444006968,1.67592324128828,1.67592324128831,8.04849697142166,10.5929571556482,10.5929571556483,11.4482182413827,59.1793167672504,59.1793167672509,61.358755600525,63.0929913458138,63.0929913458142,70.2602130021484
142,-1.92864988300087,-1.92864988300085,-1.83155895136211,1.68175524349217,1.6817552434922,8.61658487705448,10.2909983365256,10.2909983365257,11.2796287348304,59.2731311631607,59.2731311631608,63.1313525584236,63.7878056937053,63.7878056937057,68.826603767688
143,-1.91196483085092,-1.91196483085091,-1.85412527059389,1.68533383637894,1.68533383637896,9.19155589002034,10.0070998382576,10.0070998382576,11.1523245449016,59.3332891590651,59.3332891590656,64.440205389325,64.4402053893253,64.5921010443431,67.2388173128881
144,-1.89169289404237,-1.89162746790688,-1.89162746790687,1.68655480839359,1.68655480839363,9.74124655548194,9.74132107916074,9.74132107916077,11.094924050313,59.354577758095,59.3545777580954,65.0461898081952,65.0475308506617,65.0475308506619,65.9958246136201
145,-1.94067334213143,-1.86835569493934,-1.86828921752749,1.68530398274544,1.68531653179483,9.49377003402071,9.49384367863278,10.1678489519271,11.2014204958391,59.33138002771,59.3314113164778,63.1628669231249,65.606719424207,65.6079530036536,66.3151695595409
146,-1.99750400075572,-1.84275455971177,-1.84267956301934,1.68152362876571,1.68154911739848,9.26483654382059,9.26491766344981,10.3454772172198,11.5935482154143,59.2579019651883,59.2579645610318,60.8319654337191,66.1190735115493,66.1203486056986,66.3281420267365
147,-2.05838626570834,-1.81564748362093,-1.81556386817851,1.6751723987493,1.67521105187023,9.05478005669675,9.05486864164206,10.3630728476335,12.1785559753468,58.2748708737077,59.1281532519206,59.1282493567726,65.9795383967689,66.5831114486752,66.5844268821781
148,-2.11963613607804,-1.78784483680038,-1.78775261110615,1.66626276554004,1.66631460560759,8.8639609346203,8.86405687397116,10.334752054742,12.8388262766637,55.6070464780409,58.9361455513293,58.9362721619464,65.4045259143324,66.9992782351284,67.0006335116606
149,-2.17775447133934,-1.76019849780756,-1.76009780151005,1.65488432047842,1.65494913034233,8.69274008497954,8.69284315197972,10.2985022599593,13.5334038352284,52.9607902371693,58.6760766000572,58.6762335212356,64.7280439439173,67.3686773783074,67.3700709376351
150,-2.22953787264286,-1.73359750223022,-1.73348862956286,1.64122906479082,1.64130635276984,8.54144222758793,8.54155206831834,10.2655941931396,14.2486281904587,50.4512171805843,58.3425407222386,58.3427264533467,64.0400188162289,67.6929649950534,67.6943946784899
151,-2.27214921640822,-1.70896200590993,-1.70884542899103,1.6256158632909,1.62570483369968,8.41031857696089,8.41043470435447,10.2395523859401,14.9790942873223,48.1523538605866,57.9307566664578,57.9309689763337,63.3978740847748,67.974232196216,67.9756951794489
152,-2.30314264485544,-1.68723430633654,-1.68711069638031,1.60851026253907,1.6086097953494,8.29951154944592,8.29963334427135,10.2212561171342,15.7223928886994,46.0950740943729,57.4368006287724,57.4370366220393,62.8357191739952,68.2148834193166,68.2163762316305
153,-2.32045330646709,-1.66936538399327,-1.66923562746671,1.59053526145343,1.59064390502606,8.20902440021691,8.20915111998818,10.2105671809211,16.4772636069165,44.2781969033715,56.8578305946415,56.8580868005298,62.3721908793603,68.4175220821578,68.4190406819662
154,-2.32236807584424,-1.65629534468806,-1.65616055051183,1.57246865876466,1.57258463952423,8.13869854254492,8.13882933833149,10.2069550258626,17.242710030932,42.6823469905041,56.1922879848595,56.1925604841953,62.0155893241222,68.5848521658813,68.5863920606988
155,-2.30749124425455,-1.64892645323553,-1.64878794652227,1.55522354242121,1.55534479483695,8.08820063532655,8.08833457532963,10.2097667867935,18.0174330644911,41.281127763928,55.4400638832352,55.4403484639831,61.7670294450986,68.7196009653089,68.7211573616152
156,-2.27471371257345,-1.64808833785506,-1.64794763587115,1.53981044515476,1.53993466421667,8.05702041899748,8.05715651677826,10.2183463150036,18.7993633694195,40.0483803792995,54.6026194027723,54.6029117288678,61.6224514423787,68.8244644192569,68.8260323859876
157,-2.22318929693986,-1.6544964993772,-1.65435526690379,1.52728254232536,1.52740725860965,8.04447894564059,8.04461619027444,10.2320799697775,19.5851814300484,38.962242699667,53.683052495455,53.6833482726651,61.5740260810392,68.902073083354,68.9036477135693
158,-2.15231872392586,-1.66870732148589,-1.66856730581976,1.5186685690821,1.51879124336518,8.04974557150678,8.04988295683651,10.250404163204,20.3697394210684,38.0071697297664,52.686106385048,52.6864015098654,61.6112268588829,68.9549745771978,68.9565511353804
159,-2.06174055838435,-1.69107484407884,-1.69093779431261,1.51490111706191,1.5150192475971,8.07186112249336,8.07199767305308,10.2727921615865,21.1453073756562,37.1749123829999,51.6181177217589,51.618408403699,61.7216891607766,68.9856274396046,68.9872014860407
160,-1.95132801144098,-1.72171584393637,-1.72158342463297,1.51674969402473,1.51686092600092,8.10976416161732,8.10989895355787,10.2987291567913,21.9005948161216,36.4651265809839,50.4869056178414,50.4871884703167,61.8919079094451,68.9964015755384,68.9979690633358
161,-1.82119076442804,-1.76048947405693,-1.76036321524286,1.52476761583699,1.5248698405933,8.16231729604334,8.16244947229633,10.3276800694594,22.6196094857198,35.8859165875198,49.3016060145269,49.3018781135866,62.1078039768517,68.989581460536,68.9911388043535
162,-1.80699595083548,-1.80687696209408,-1.67168085939012,1.53925926641417,1.53935069884529,8.22833085407198,8.22845963383994,10.3590521469862,23.2807209506387,35.4541282555512,48.0724592793662,48.0727181925939,62.3551904587422,68.9673695300169,68.9689136481587
163,-1.86059381829364,-1.86048317734823,-1.50340337888602,1.56027016469975,1.56034939109835,8.3065818743717,8.30670655768734,10.3921534728594,23.8569126932362,35.194474361337,46.8105622470503,46.8108060368145,62.6201785474099,68.9318883684721,68.9334167016185
164,-1.92043518261317,-1.9203335436318,-1.31722909642959,1.58759792127764,1.58766391548955,8.39582701994214,8.3959469884415,10.4261487688329,24.3188956033084,35.1358107075528,45.5275986473829,45.5278258536257,62.8895727178835,68.885181227367,68.8866917380061
165,-1.98551049927321,-1.98541823741557,-1.11431121863709,1.62081890370953,1.62087101504684,8.49480864522089,8.49492336043963,10.4600153487375,24.642252837774,35.3033355721643,44.2355635407764,44.235773148836,63.1513141207613,68.8292109815564,68.8307021383768
166,-2.05469829483076,-2.05461552519782,-0.896103187861225,1.65932403829255,1.65936195850867,8.60225375734465,8.60236275782451,10.4925048670263,24.8164480362438,35.7087872198482,42.94649765539,42.9466890542396,63.3950383944465,68.7658579177606,68.7673286690257
167,-2.12681313933383,-2.12673975558283,-0.664376731415673,1.70235761315034,1.70238133121533,8.71686602997643,8.71696892832985,10.5221205643969,24.8495649692027,36.3446515296512,41.6722462617484,41.6724191979484,63.6128166959534,68.6969168157827,68.6983665552547
168,-2.20064791460674,-2.20058363249121,-0.421237761042405,1.7490545643098,1.74906431702824,8.83731139880785,8.83740787969079,10.5471245285599,24.7646858506382,37.1863422672238,40.4242545485577,40.4244090833807,63.8001387565888,68.6240937213946,68.6255222498032
169,-2.27500828519279,-2.2749526847957,-0.169137468084462,1.79846993385579,1.79847370931052,8.96219816237871,8.96228798210582,10.5655935778324,24.5911871636908,38.198973479861,39.213407701363,39.2135442325413,63.9571573374405,68.5490026921579,68.5504101766134
170,-2.34873900304284,-2.34869156610261,0.0891239284605248,1.84960941362235,1.84962612151515,9.09005300674987,9.09013599507313,10.5755429267526,24.3571675074337,38.0499194770831,38.0500381543192,39.3425207544619,64.0901139579345,68.4731626743268,68.4745496075163
171,-2.42074282286681,-2.42070296355984,0.350402296410689,1.90147009537905,1.90149901588808,9.21929503527794,9.21937109964034,10.5751299628062,24.0857359974653,36.9432684779848,36.9433703674923,40.572912312646,64.212660018972,68.3979945686925,68.3993617292055
172,-2.48999337728251,-2.48996046621206,0.611223062631541,1.95303580142634,1.95307611762985,9.34821075518042,9.34827988753472,10.5629330572985,23.7943740736548,35.9021769700786,35.9022628799432,41.8405905647288,64.3464297793489,68.3248184769519,68.3261668916565
173,-2.5555434972221,-2.55551687919597,0.867800178884023,2.00330481271758,2.0033556308748,9.47493403579993,9.4749963218219,10.5382730148461,23.4958115092651,34.9346232885516,34.9346942132247,43.0894932289555,64.5197406927218,68.2548510877459,68.2561819967929
174,-2.61653033285088,-2.61650933942574,1.11605673647736,2.05130641483609,2.05136677920444,9.59743620006587,9.59749183025796,10.5015151814291,23.1994083317312,34.0478758846789,34.0479329466106,44.2593442254116,64.7629837652555,68.1892031564826,68.190517981202
175,-2.67217837561649,-2.67216233348509,1.35164621739432,2.09611669371442,2.09618559727035,9.71353238852548,9.71358167027542,10.4542724901231,22.9125736584289,33.2485351470029,33.2485795853567,45.2930124656259,65.0998972479268,68.1288770467729,68.130177360439
176,-2.72180119899261,-2.72178943521887,1.56998167747025,2.13687392527958,2.13695031762377,9.82091071136548,9.82095408049477,10.3994374741654,22.641987007322,32.5425685953131,32.5426017628718,46.1478110251845,65.5363838719652,68.0747643251168,68.0760518262152
177,-2.76480247779658,-2.76479432275144,1.7662925638369,2.17279359116965,2.17287638468802,9.9171898769209,9.91722790669019,10.3410071606005,22.3944479968424,31.9353263206489,31.93534968378,46.8056011236036,66.0520507834145,68.0276434272416,68.0289199142487
178,-2.80067663708526,-2.8006714257635,1.93573949311822,2.20318280023368,2.20327087528503,10.0000083129358,10.000041718005,10.283715284001,22.1772230192758,31.4315270675143,31.4315422057238,47.2752785035438,66.6004096806611,67.9881774395578,67.9894447844257
179,-2.82900932652786,-2.8290063987615,2.07361705987287,2.22745371961128,2.22754592899724,10.0671428906338,10.0671725233428,10.2325293578154,21.997855123698,31.0352113229214,31.0352199246603,47.5856873039144,67.1188631371596,67.9569120628005,67.9581721726358
180,-2.84947781018513,-2.84947651013052,2.17565592544428,2.24513552467463,2.24523069569488,10.1166485238699,10.1166753607356,10.1920908915056,21.8635393527191,30.7496657319107,30.7496695837487,47.7733622216427,67.5432896706653,67.9342738763033,67.9355285834762
181,-2.86185129620742,-2.86185097137297,2.23839809445607,2.25588437804718,2.25598128707369,10.1470025262742,10.1470276451055,10.1661770964806,21.7802766758868,30.5773316097402,30.5773325771761,47.8712216053029,67.8207118402332,67.9205696407953,67.9218197943787
182,-2.8659911967045,-2.86599119670443,2.25947849220238,2.2595882638581,2.25958826385811,10.1572290554746,10.1572566557919,10.1572566557919,21.7520561833665,30.5197167713929,30.519716771393,47.9012886056031,67.9158222857283,67.9172297352377,67.917229735238
183,-1.89169289404237,-1.89162746790688,-1.89162746790687,1.68655480839359,1.68655480839363,9.74124655548194,9.74132107916074,9.74132107916077,11.094924050313,59.354577758095,59.3545777580954,65.0461898081952,65.0475308506617,65.0475308506619,65.9958246136201
184,-1.92522960325791,-1.90311124204122,-1.84930476857798,1.68432527652352,1.6863381547813,9.30195376519197,9.69776164120712,10.1887633504289,11.1687498800095,59.3064059264141,59.3509483074365,63.9998524158173,64.0141113359741,66.017529628349,66.6819553024931
185,-1.95048583349238,-1.93711450615359,-1.79780984587138,1.67772376086647,1.68569264755179,8.87050098017517,9.59005679692718,10.6446664460308,11.3667985026682,59.0355766759898,59.3401363661647,62.3760061164448,62.8737296644348,66.9141717730215,67.4902314794933
186,-1.99249849687267,-1.96786513963413,-1.73687533662822,1.66694358618725,1.68463142209139,8.44672862813646,9.45657102657363,11.1094413444793,11.6491752943026,57.9508944953924,59.322370459005,61.1066918108201,61.6686039979092,67.7396923338859,68.2567356153183
187,-2.06742891445952,-1.9778863419018,-1.66624604840701,1.65229456703158,1.6831760738242,8.030525792102,9.32201791612154,11.5835683506794,11.9887436333306,55.7248048893184,59.2980250925848,60.3853008954322,60.7152303976992,68.4976116980652,69.0734885539963
188,-2.15952880065807,-1.98111644041381,-1.58572465938258,1.63418580271646,1.68135621929513,7.62185302646939,9.1980496917557,12.0675850920121,12.3706270768557,53.0483634165103,59.0262809564627,59.2676252742851,60.6963698035708,69.1916573441702,70.0058440814388
189,-2.2660301303535,-1.97816863898534,-1.495174670482,1.61310416534943,1.67920889414566,7.22074106896308,9.08928234364322,12.5620646779491,12.7863235226249,50.3351784169592,57.5959350063187,59.2317803577975,60.7842556599963,69.8256123415221,71.0913797464406
190,-2.38392629909613,-1.96969993252461,-1.39452465499094,1.58959110681529,1.67677780015051,6.82729105847333,8.99687138558751,13.0675793571589,13.2302698657838,47.7528914731579,56.1006886301648,59.1912647205617,60.904439260718,70.4031964326301,72.3479461215979
191,-2.5101107083148,-1.95640811806494,-1.28377452761436,1.56422039436045,1.67411241655012,6.44167714120987,8.92026722511926,13.584643209354,13.6982063945716,45.373140519067,54.5492302742476,59.1469162166607,61.0303612180254,70.9279762080074,73.7791822370202
192,-2.64149273219857,-1.93902805739507,-1.16300492436911,1.53757864393942,1.67126699367972,6.06415263310466,8.85809769042647,14.1136249700462,14.1863753832815,43.2186479815847,52.9525515588659,59.0996543134057,61.1508894881698,71.4033011451269,75.3778389981402
193,-2.77508779683831,-1.91832697920442,-1.03239139448218,1.51024947600999,1.66829944930441,5.69506145957956,8.80863816007075,14.6546188241787,14.6910807107381,41.2860458210637,51.3239631605674,59.0504541396421,61.2614014148749,71.8322617423683,77.1277560882789
194,-2.90808228369212,-1.89509856755229,-0.892226129685673,1.48280123050172,1.66527019007188,5.33485758231394,8.77007160301719,15.2072567581474,15.2083975228692,39.5594912950595,49.6790492622108,59.0003254181644,61.3603678991127,72.2176656848865,79.0049463611858
195,-3.03787637549381,-1.87015555233245,-0.742951718184308,1.45577767194009,1.66224088204172,4.98413686367377,8.74063270606127,15.7339304427099,15.7704408273529,38.0188085699682,48.0355924297583,58.9502912409388,61.4477298693595,72.562028185671,80.9780985009347
196,-3.16210905511998,-1.84432051148784,-0.5852145145027,1.42969097137453,1.65927319531336,4.64368891280883,8.7186846743623,16.2625632226422,16.3419680110281,36.6441337048986,46.4135108418852,58.9013670461866,61.524062188517,72.8675730134416,83.0088051354937
197,-3.27866963304317,-1.81841463220753,-0.419950804636069,1.40501632997814,1.65642754832678,4.31458204195162,8.70275624085306,16.7881618162685,16.9180161724474,35.4184378253059,44.8348623604153,58.8545402204636,61.5901454816927,73.1362411582263,85.0518305465947
198,-3.38569978872561,-1.79324427717265,-0.248529163343351,1.38218777099841,1.653761877435,3.99830467963768,8.69155544492622,17.303205177828,17.4924625179535,34.328860573009,43.3239729309147,58.8107507108924,61.6467592729516,73.3697045471265,87.0557138661692
199,-3.48158945926445,-1.76958537474322,-0.0729910756900109,1.36159478453733,1.65133045684869,3.69700526631999,8.68397038743821,17.7983376244277,18.0560289742776,33.3674346054526,41.9077261812226,58.7708729799585,61.6945933327049,73.56938267044,88.9639569957943
200,-3.56496919387757,-1.74816589959831,0.103535332411987,1.34357962754723,1.64918279303418,3.41390543547363,8.6790632571796,18.2618819981728,18.5953193111422,32.5315055630659,40.6159794260981,58.7356995795757,61.7342192104165,73.7364603887183,90.716967125453
201,-3.63470093069304,-1.72964701551061,0.276124826076445,1.32843515608837,1.64736261613267,3.15401007278559,8.67606146113286,18.679451525765,19.0919761237064,31.8239054239625,39.4819036283936,58.7059265670074,61.7660899890014,73.8719055524227,92.2548051642297
202,-3.68986859598631,-1.71460377598185,0.436896721804449,1.31640310881699,1.64590698898975,2.9252653571479,8.67434814442808,19.0339735085771,19.5224849485434,31.2526727962221,38.5417393246016,58.6821409355483,61.7905512994242,73.9764853740601,93.5206349946496
203,-3.72976948898213,-1.7035065635721,0.573475514122288,1.30767278272249,1.64484555198218,2.74009792106286,8.67345343002928,19.3066484936792,19.8595263609163,30.8298518564628,37.8330799346067,58.6648101893151,61.8078550333335,74.0507807495423,94.4645924805942
204,-3.75390708909858,-1.69670462773382,0.66832859458004,1.3023800545153,1.64419991905622,2.6160769850218,8.67304713016343,19.4793862004719,20.0758417652823,30.5688556768308,37.3907226929172,58.6542741550049,61.8181717232559,74.0951979365629,95.0476348987375
205,-3.7619856884805,-1.69441309371487,0.702830980911172,1.30060671019685,1.6439832373028,2.57184953358732,8.67293334038871,19.5386565464511,20.1505811360716,30.4804676963369,37.2401202510875,58.6507390939959,61.8215998855967,74.1099771700473,95.2448393568945
